Filout
run_16

Range
-20 1 -10 0.05 10 0.1 50

Radius
5.0

Edge
K

Z_absorber
22

Green
Quadrupole
SCF

Crystal
3.766937 6.435368208444953 6.616212151677801 106.18218564763544 90.0 107.01814086302699
22 0.195287 0.390573 0.283762
22 0.900071 0.800143 0.289602
22 0.804713 0.609427 0.716238
22 0.099929 0.199857 0.710398
8 0.941648 0.883296 0.630021
8 0.361932 0.723863 0.293397
8 0.867189 0.734378 0.995291
8 0.058352 0.116704 0.369979
8 0.263489 0.526978 0.6525
8 0.132811 0.265622 0.004709
8 0.736511 0.473022 0.3475
8 0.638068 0.276137 0.706603

Convolution
End