Filout
run_3

Range
-20 1 -10 0.05 10 0.1 50

Radius
5.0

Edge
K

Z_absorber
22

Green
Quadrupole
SCF

Crystal
9.904338 11.714807667978251 11.738653008727024 94.19409923305699 114.91301600761531 114.98046271658092
22 0.751676 0.084034 0.91688
22 0.56793 0.086205 0.588515
22 0.673905 0.502557 0.83585
22 0.158137 0.008153 0.319883
22 0.07525 0.243884 0.415584
22 0.257983 0.575708 0.417104
22 0.262193 0.24342 0.749509
22 0.574884 0.748993 0.918893
22 0.164279 0.671355 0.64978
22 0.165248 0.336994 0.982464
22 0.665622 0.166636 0.169691
22 0.756372 0.417392 0.584775
22 0.747069 0.751106 0.252193
22 0.073671 0.908784 0.750195
22 0.571949 0.415291 0.255041
22 0.663425 0.839152 0.501256
22 0.251697 0.906406 0.084512
22 0.075491 0.570825 0.083209
8 0.600857 0.073261 0.752088
8 0.349018 0.04943 0.475853
8 0.487849 0.343897 0.796073
8 0.628425 0.636429 0.856212
8 0.11686 0.145862 0.320767
8 0.216936 0.418937 0.44969
8 0.211077 0.08289 0.776531
8 0.71126 0.918786 0.929111
8 0.122602 0.539915 0.240939
8 0.129401 0.215453 0.574559
8 0.211887 0.328901 0.848014
8 0.203585 0.66079 0.511922
8 0.722617 0.159289 0.040716
8 0.352064 0.700397 0.802526
8 0.84816 0.19579 0.324813
8 0.849217 0.523049 0.991135
8 0.974138 0.51656 0.612914
8 0.969683 0.185923 0.945274
8 0.622467 0.301817 0.188953
8 0.127676 0.475273 0.996089
8 0.120792 0.806554 0.664955
8 0.970379 0.857856 0.295469
8 0.715977 0.253709 0.602018
8 0.707538 0.586615 0.267684
8 0.120436 0.881628 0.910053
8 0.607539 0.739457 0.083096
8 0.603895 0.403231 0.41863
8 0.736639 0.500898 0.7099
8 0.34943 0.367447 0.138941
8 0.707287 0.829872 0.365458
8 0.850223 0.868818 0.653705
8 0.478497 0.011101 0.1364
8 0.483993 0.679311 0.467942
8 0.606997 0.966883 0.518532
8 0.207005 0.746118 0.110633
8 0.196047 0.985427 0.183254

Convolution
End