Filout
run_13

Range
-20 1 -10 0.05 10 0.1 50

Radius
5.0

Edge
K

Z_absorber
22

Green
Quadrupole
SCF

Crystal
5.4695020599650075 5.4695053529548066 5.469505255712971 114.49126057973578 107.01845594765265 107.02372476871513
22 0.499998 0.749993 0.749995
22 0.500003 0.250004 0.250002
22 1.0 1e-06 0.500001
22 0.999999 0.500002 2e-06
8 0.304321 0.304625 0.500303
8 0.195242 0.249581 0.945661
8 0.304321 0.804018 0.999697
8 0.80392 0.249581 0.554339
8 0.19608 0.750418 0.44566
8 0.804758 0.750417 0.054338
8 0.69568 0.195983 0.000304
8 0.695679 0.695375 0.499698

Convolution
End