Filout
run_1

Range
-20 1 -10 0.05 10 0.1 50

Radius
5.0

Edge
K

Z_absorber
22

Green
Quadrupole
SCF

Crystal
3.00267777 9.70238869 9.4065291 90.0 90.0 90.0
22 0.75 0.475735 0.848465
22 0.25 0.70157 0.60103
22 0.75 0.79843 0.10103
22 0.25 0.024265 0.348465
22 0.75 0.975735 0.651535
22 0.25 0.20157 0.89897
22 0.75 0.29843 0.39897
22 0.25 0.524265 0.151535
8 0.75 0.604054 0.023719
8 0.25 0.560769 0.755361
8 0.25 0.696957 0.22191
8 0.75 0.639961 0.509248
8 0.25 0.860039 0.009248
8 0.75 0.803043 0.72191
8 0.75 0.939231 0.255361
8 0.25 0.895946 0.523719
8 0.75 0.104054 0.476281
8 0.25 0.060769 0.744639
8 0.25 0.196957 0.27809
8 0.75 0.139961 0.990752
8 0.25 0.360039 0.490752
8 0.75 0.303043 0.77809
8 0.75 0.439231 0.244639
8 0.25 0.395946 0.976281

Convolution
End