Filout
run_12

Range
-20 1 -10 0.05 10 0.1 50

Radius
5.0

Edge
K

Z_absorber
22

Green
Quadrupole
SCF

Crystal
5.14911908 5.45912219 9.1942033 90.0 90.0 90.0
22 0.137911 0.402582 0.628969
22 0.637911 0.597418 0.871031
22 0.362089 0.902582 0.371031
22 0.862089 0.097418 0.128969
22 0.862089 0.597418 0.371031
22 0.362089 0.402582 0.128969
22 0.637911 0.097418 0.628969
22 0.137911 0.902582 0.871031
8 0.46471 0.389994 0.73029
8 0.96471 0.610006 0.76971
8 0.03529 0.889994 0.26971
8 0.53529 0.110006 0.23029
8 0.53529 0.610006 0.26971
8 0.03529 0.389994 0.23029
8 0.96471 0.110006 0.73029
8 0.46471 0.889994 0.76971
8 0.816631 0.851189 0.989521
8 0.316631 0.148811 0.510479
8 0.683369 0.351189 0.010479
8 0.183369 0.648811 0.489521
8 0.183369 0.148811 0.010479
8 0.683369 0.851189 0.489521
8 0.316631 0.648811 0.989521
8 0.816631 0.351189 0.510479

Convolution
End