Filout
run_7

Range
-20 1 -10 0.05 10 0.1 50

Radius
5.0

Edge
K

Z_absorber
22

Green
Quadrupole
SCF

Crystal
2.96721701 10.67479828 17.53147735 90.0 90.0 90.0
22 0.25 0.217323 0.100141
22 0.25 0.282677 0.600141
22 0.75 0.782677 0.899859
22 0.75 0.717323 0.399859
22 0.75 0.498041 0.171266
22 0.75 0.001959 0.671266
22 0.25 0.501959 0.828734
22 0.25 0.998041 0.328734
22 0.75 0.304165 0.922386
22 0.75 0.195835 0.422386
22 0.25 0.695835 0.077614
22 0.25 0.804165 0.577614
22 0.75 0.978235 0.146017
22 0.75 0.521765 0.646017
22 0.25 0.021765 0.853983
22 0.25 0.478235 0.353983
8 0.25 0.027831 0.082677
8 0.25 0.472169 0.582677
8 0.75 0.972169 0.917323
8 0.75 0.527831 0.417323
8 0.75 0.458359 0.277281
8 0.75 0.041641 0.777281
8 0.25 0.541641 0.722719
8 0.25 0.958359 0.222719
8 0.25 0.383268 0.141227
8 0.25 0.116732 0.641227
8 0.75 0.616732 0.858773
8 0.75 0.883268 0.358773
8 0.75 0.168699 0.162347
8 0.75 0.331301 0.662347
8 0.25 0.831301 0.837653
8 0.25 0.668699 0.337653
8 0.25 0.416138 0.934895
8 0.25 0.083862 0.434895
8 0.75 0.583862 0.065105
8 0.75 0.916138 0.565105
8 0.75 0.811617 0.11008
8 0.75 0.688383 0.61008
8 0.25 0.188383 0.88992
8 0.25 0.311617 0.38992
8 0.75 0.248628 0.025566
8 0.75 0.251372 0.525566
8 0.25 0.751372 0.974434
8 0.25 0.748628 0.474434
8 0.25 0.61165 0.181233
8 0.25 0.88835 0.681233
8 0.75 0.38835 0.818767
8 0.75 0.11165 0.318767

Convolution
End