Filout
run_6

Range
-20 1 -10 0.05 10 0.1 50

Radius
5.0

Edge
K

Z_absorber
22

Green
Quadrupole
SCF

Crystal
3.7751111918531315 6.43628385318223 6.435361988575404 85.0656215891729 72.95773794522579 72.93842972577661
22 0.707925 0.289178 0.294921
22 0.997351 0.294888 0.710867
22 0.002649 0.705112 0.289133
22 0.292075 0.710822 0.705079
8 0.501494 0.347831 0.649433
8 0.838522 0.321016 0.001844
8 0.849153 0.649385 0.652192
8 0.839905 0.998192 0.321274
8 0.160095 0.001808 0.678726
8 0.150847 0.350615 0.347808
8 0.161478 0.678984 0.998156
8 0.498506 0.652169 0.350567

Convolution
End