  4966.000   22  1  1  3.5021339E-02 -6.1604917E+00  0.0000000E+00  1  1  4.8520723E+03  1.4291885E+02  0.0000000E+00  2.1560302E+00  2.0000000E+00  0.0000000E+00  = E_edge, Z, n_edge, j_edge, Abs_before_edge, VO_interstitial, E_cut, ninit, ninit1, Epsii, UnitCell_Volume, Surface_ref, f0_forward, natomsym_f, abs_u_iso
    Energy    <xanes>    
  -20.0000  1.8832298E-04
  -19.0000  2.1988604E-04
  -18.0000  3.6774416E-04
  -17.0000  4.8848865E-03
  -16.0000  2.2930567E-02
  -15.0000  4.3673204E-04
  -14.0000  2.0378281E-04
  -13.0000  1.4527198E-04
  -12.0000  1.2162105E-04
  -11.0000  1.1042781E-04
  -10.0000  1.0580653E-04
  -9.95000  1.0571189E-04
  -9.90000  1.0562970E-04
  -9.85000  1.0555994E-04
  -9.80000  1.0550265E-04
  -9.75000  1.0545786E-04
  -9.70000  1.0542559E-04
  -9.65000  1.0540591E-04
  -9.60000  1.0539887E-04
  -9.55000  1.0540455E-04
  -9.50000  1.0542304E-04
  -9.45000  1.0545443E-04
  -9.40000  1.0549879E-04
  -9.35000  1.0555630E-04
  -9.30000  1.0562711E-04
  -9.25000  1.0571138E-04
  -9.20000  1.0580928E-04
  -9.15000  1.0592100E-04
  -9.10000  1.0604674E-04
  -9.05000  1.0618671E-04
  -9.00000  1.0634112E-04
  -8.95000  1.0651024E-04
  -8.90000  1.0669436E-04
  -8.85000  1.0689370E-04
  -8.80000  1.0710861E-04
  -8.75000  1.0733942E-04
  -8.70000  1.0758647E-04
  -8.65000  1.0785013E-04
  -8.60000  1.0813079E-04
  -8.55000  1.0842881E-04
  -8.50000  1.0874465E-04
  -8.45000  1.0907879E-04
  -8.40000  1.0943173E-04
  -8.35000  1.0980396E-04
  -8.30000  1.1019599E-04
  -8.25000  1.1060843E-04
  -8.20000  1.1104191E-04
  -8.15000  1.1149708E-04
  -8.10000  1.1197457E-04
  -8.05000  1.1247505E-04
  -8.00000  1.1299934E-04
  -7.95000  1.1354825E-04
  -7.90000  1.1412265E-04
  -7.85000  1.1472343E-04
  -7.80000  1.1535153E-04
  -7.75000  1.1600797E-04
  -7.70000  1.1669380E-04
  -7.65000  1.1741016E-04
  -7.60000  1.1815810E-04
  -7.55000  1.1893894E-04
  -7.50000  1.1975407E-04
  -7.45000  1.2060493E-04
  -7.40000  1.2149302E-04
  -7.35000  1.2241991E-04
  -7.30000  1.2338732E-04
  -7.25000  1.2439708E-04
  -7.20000  1.2545112E-04
  -7.15000  1.2655135E-04
  -7.10000  1.2769992E-04
  -7.05000  1.2889931E-04
  -7.00000  1.3015202E-04
  -6.95000  1.3146070E-04
  -6.90000  1.3282818E-04
  -6.85000  1.3425752E-04
  -6.80000  1.3575199E-04
  -6.75000  1.3731500E-04
  -6.70000  1.3895031E-04
  -6.65000  1.4066179E-04
  -6.60000  1.4245399E-04
  -6.55000  1.4433163E-04
  -6.50000  1.4629975E-04
  -6.45000  1.4836382E-04
  -6.40000  1.5052970E-04
  -6.35000  1.5280362E-04
  -6.30000  1.5519266E-04
  -6.25000  1.5770438E-04
  -6.20000  1.6034683E-04
  -6.15000  1.6312885E-04
  -6.10000  1.6606029E-04
  -6.05000  1.6915181E-04
  -6.00000  1.7241500E-04
  -5.95000  1.7586284E-04
  -5.90000  1.7950949E-04
  -5.85000  1.8337052E-04
  -5.80000  1.8746318E-04
  -5.75000  1.9180647E-04
  -5.70000  1.9642073E-04
  -5.65000  2.0133022E-04
  -5.60000  2.0656152E-04
  -5.55000  2.1214422E-04
  -5.50000  2.1811148E-04
  -5.45000  2.2450072E-04
  -5.40000  2.3135408E-04
  -5.35000  2.3872034E-04
  -5.30000  2.4665477E-04
  -5.25000  2.5521993E-04
  -5.20000  2.6448894E-04
  -5.15000  2.7454637E-04
  -5.10000  2.8549144E-04
  -5.05000  2.9744031E-04
  -5.00000  3.1052980E-04
  -4.95000  3.2492284E-04
  -4.90000  3.4081521E-04
  -4.85000  3.5844664E-04
  -4.80000  3.7810884E-04
  -4.75000  4.0016546E-04
  -4.70000  4.2507677E-04
  -4.65000  4.5343232E-04
  -4.60000  4.8600433E-04
  -4.55000  5.2382759E-04
  -4.50000  5.6832826E-04
  -4.45000  6.2154473E-04
  -4.40000  6.8653269E-04
  -4.35000  7.6814104E-04
  -4.30000  8.7474713E-04
  -4.25000  1.0227965E-03
  -4.20000  1.2527031E-03
  -4.15000  1.7384539E-03
  -4.10000  6.9264316E-03
  -4.05000  4.9665463E-03
  -4.00000  7.2681501E-02
  -3.95000  8.7353231E-03
  -3.90000  1.1017878E-02
  -3.85000  2.8084555E-02
  -3.80000  3.2218635E-01
  -3.75000  2.0297530E-02
  -3.70000  7.7788273E-02
  -3.65000  2.2167737E-02
  -3.60000  1.2485367E-02
  -3.55000  1.0837322E-01
  -3.50000  9.5941631E-02
  -3.45000  2.5102883E-01
  -3.40000  5.2240213E-02
  -3.35000  1.2413910E-01
  -3.30000  1.8778001E-01
  -3.25000  1.7031642E-01
  -3.20000  8.3882096E-02
  -3.15000  5.3599965E-02
  -3.10000  5.6089753E-02
  -3.05000  7.8910274E-02
  -3.00000  2.8328260E-01
  -2.95000  1.2515683E-01
  -2.90000  8.3864039E-02
  -2.85000  1.3565693E-01
  -2.80000  5.2316986E-02
  -2.75000  8.6139479E-02
  -2.70000  5.9742084E-02
  -2.65000  1.0378609E-01
  -2.60000  7.7802245E-02
  -2.55000  8.2318526E-02
  -2.50000  7.7085551E-02
  -2.45000  7.2645194E-02
  -2.40000  5.3569775E-02
  -2.35000  5.3308697E-02
  -2.30000  5.8890285E-02
  -2.25000  8.5283593E-02
  -2.20000  7.8200487E-02
  -2.15000  4.9804788E-02
  -2.10000  4.3643438E-02
  -2.05000  3.6648984E-02
  -2.00000  3.3907314E-02
  -1.95000  3.4730211E-02
  -1.90000  6.3266196E-02
  -1.85000  5.0578838E-02
  -1.80000  5.8966857E-02
  -1.75000  6.1865232E-02
  -1.70000  9.0483725E-02
  -1.65000  1.6461453E-01
  -1.60000  2.5332629E-01
  -1.55000  2.2669649E-01
  -1.50000  1.1030181E-01
  -1.45000  1.3032254E-01
  -1.40000  2.1038193E-01
  -1.35000  1.7298792E-01
  -1.30000  8.8799535E-02
  -1.25000  6.1718440E-02
  -1.20000  6.2800650E-02
  -1.15000  6.8239157E-02
  -1.10000  8.3519845E-02
  -1.05000  1.1349385E-01
  -1.00000  8.8598403E-02
  -0.95000  3.6330319E-02
  -0.90000  1.7363351E-02
  -0.85000  1.2770929E-02
  -0.80000  1.3577369E-02
  -0.75000  1.9038022E-02
  -0.70000  3.1579112E-02
  -0.65000  5.2781068E-02
  -0.60000  6.9376490E-02
  -0.55000  6.8670254E-02
  -0.50000  7.1490712E-02
  -0.45000  6.5766246E-02
  -0.40000  3.6104052E-02
  -0.35000  2.3373028E-02
  -0.30000  2.3772374E-02
  -0.25000  1.8698037E-02
  -0.20000  1.1651838E-02
  -0.15000  8.3931346E-03
  -0.10000  6.5675383E-03
  -0.05000  5.3845782E-03
  -0.00000  4.5496401E-03
   0.05000  3.9273397E-03
   0.10000  3.4457541E-03
   0.15000  3.0626120E-03
   0.20000  2.7512013E-03
   0.25000  2.4937508E-03
   0.30000  2.2779324E-03
   0.35000  2.0949073E-03
   0.40000  1.9381633E-03
   0.45000  1.8028007E-03
   0.50000  1.6850656E-03
   0.55000  1.5820339E-03
   0.60000  1.4913906E-03
   0.65000  1.4112204E-03
   0.70000  1.3401157E-03
   0.75000  1.2768818E-03
   0.80000  1.2205561E-03
   0.85000  1.1703587E-03
   0.90000  1.1256668E-03
   0.95000  1.0860017E-03
   1.00000  1.0510062E-03
   1.05000  1.0204501E-03
   1.10000  9.9423237E-04
   1.15000  9.7240316E-04
   1.20000  9.5518842E-04
   1.25000  9.4304404E-04
   1.30000  9.3673555E-04
   1.35000  9.3747240E-04
   1.40000  9.4712978E-04
   1.45000  9.6860052E-04
   1.50000  1.0064280E-03
   1.55000  1.0679253E-03
   1.60000  1.1653214E-03
   1.65000  1.3201076E-03
   1.70000  1.5726785E-03
   1.75000  2.0064380E-03
   1.80000  2.8204698E-03
   1.85000  4.6416568E-03
   1.90000  1.1979909E-02
   1.95000  2.1286441E-02
   2.00000  3.5747012E-02
   2.05000  3.9025520E-02
   2.10000  2.4197595E-02
   2.15000  1.3077120E-02
   2.20000  7.1784151E-03
   2.25000  5.2627378E-03
   2.30000  4.2717771E-03
   2.35000  3.7985638E-03
   2.40000  3.7240391E-03
   2.45000  3.9127585E-03
   2.50000  3.7845888E-03
   2.55000  3.4635355E-03
   2.60000  3.3418184E-03
   2.65000  3.3387930E-03
   2.70000  3.3778008E-03
   2.75000  3.4505658E-03
   2.80000  3.5905173E-03
   2.85000  3.8680714E-03
   2.90000  4.4329605E-03
   2.95000  5.6909921E-03
   3.00000  8.6718564E-03
   3.05000  1.4624525E-02
   3.10000  1.6930709E-02
   3.15000  1.3972788E-02
   3.20000  1.3971902E-02
   3.25000  1.6993894E-02
   3.30000  2.3157936E-02
   3.35000  3.4482325E-02
   3.40000  5.2868671E-02
   3.45000  6.8542735E-02
   3.50000  6.1531567E-02
   3.55000  4.7297647E-02
   3.60000  3.8973047E-02
   3.65000  3.3205089E-02
   3.70000  2.8193775E-02
   3.75000  2.5070596E-02
   3.80000  2.3180038E-02
   3.85000  2.1069095E-02
   3.90000  1.9531370E-02
   3.95000  1.9478148E-02
   4.00000  1.9426632E-02
   4.05000  1.7747506E-02
   4.10000  1.8086579E-02
   4.15000  1.9055326E-02
   4.20000  2.0833170E-02
   4.25000  1.9275826E-02
   4.30000  1.7458957E-02
   4.35000  1.7074508E-02
   4.40000  1.7685551E-02
   4.45000  1.8668304E-02
   4.50000  1.9742598E-02
   4.55000  2.0825245E-02
   4.60000  2.1890633E-02
   4.65000  2.2935148E-02
   4.70000  2.3968181E-02
   4.75000  2.5005856E-02
   4.80000  2.6066004E-02
   4.85000  2.7165841E-02
   4.90000  2.8321875E-02
   4.95000  2.9550789E-02
   5.00000  3.0870351E-02
   5.05000  3.2299881E-02
   5.10000  3.3860062E-02
   5.15000  3.5572026E-02
   5.20000  3.7455607E-02
   5.25000  3.9526624E-02
   5.30000  4.1793146E-02
   5.35000  4.4250403E-02
   5.40000  4.6874445E-02
   5.45000  4.9614865E-02
   5.50000  5.2387216E-02
   5.55000  5.5066905E-02
   5.60000  5.7487281E-02
   5.65000  5.9445884E-02
   5.70000  6.0723584E-02
   5.75000  6.1121241E-02
   5.80000  6.0514226E-02
   5.85000  5.8911485E-02
   5.90000  5.6481515E-02
   5.95000  5.3506434E-02
   6.00000  5.0302196E-02
   6.05000  4.7190732E-02
   6.10000  4.4482959E-02
   6.15000  4.2377514E-02
   6.20000  4.0816570E-02
   6.25000  3.9407476E-02
   6.30000  3.7762026E-02
   6.35000  3.5863716E-02
   6.40000  3.3559719E-02
   6.45000  3.0924468E-02
   6.50000  2.8210680E-02
   6.55000  2.5610611E-02
   6.60000  2.3220531E-02
   6.65000  2.1069647E-02
   6.70000  1.9157071E-02
   6.75000  1.7469168E-02
   6.80000  1.5981883E-02
   6.85000  1.4667860E-02
   6.90000  1.3502214E-02
   6.95000  1.2465395E-02
   7.00000  1.1542442E-02
   7.05000  1.0650265E-02
   7.10000  9.9251618E-03
   7.15000  9.2782569E-03
   7.20000  8.2876665E-03
   7.25000  7.8052611E-03
   7.30000  7.3733639E-03
   7.35000  6.9866132E-03
   7.40000  6.6404301E-03
   7.45000  6.3309005E-03
   7.50000  6.0546813E-03
   7.55000  5.8089089E-03
   7.60000  5.5911244E-03
   7.65000  5.3992413E-03
   7.70000  5.2314606E-03
   7.75000  5.0862246E-03
   7.80000  4.9621830E-03
   7.85000  4.8581608E-03
   7.90000  4.7731051E-03
   7.95000  4.7060362E-03
   8.00000  4.6560072E-03
   8.05000  4.6220576E-03
   8.10000  4.6031688E-03
   8.15000  4.5981110E-03
   8.20000  4.6056035E-03
   8.25000  4.6242914E-03
   8.30000  4.6525080E-03
   8.35000  4.6883683E-03
   8.40000  4.7298147E-03
   8.45000  4.7746218E-03
   8.50000  4.8205121E-03
   8.55000  4.8652553E-03
   8.60000  4.9067929E-03
   8.65000  4.9433353E-03
   8.70000  4.9734992E-03
   8.75000  4.9963779E-03
   8.80000  5.0115868E-03
   8.85000  5.0192233E-03
   8.90000  5.0198484E-03
   8.95000  5.0143751E-03
   9.00000  5.0039818E-03
   9.05000  4.9900012E-03
   9.10000  4.9738125E-03
   9.15000  4.9567598E-03
   9.20000  4.9400873E-03
   9.25000  4.9249044E-03
   9.30000  4.9121516E-03
   9.35000  4.9026068E-03
   9.40000  4.8968959E-03
   9.45000  4.8955070E-03
   9.50000  4.8988071E-03
   9.55000  4.9070712E-03
   9.60000  4.9204914E-03
   9.65000  4.9391917E-03
   9.70000  4.9632452E-03
   9.75000  4.9926808E-03
   9.80000  5.0274835E-03
   9.85000  5.0676158E-03
   9.90000  5.1130189E-03
   9.95000  5.1636189E-03
   10.0000  5.2193328E-03
   10.1000  5.3457587E-03
   10.2000  5.4916592E-03
   10.3000  5.6565862E-03
   10.4000  5.8403852E-03
   10.5000  6.0432863E-03
   10.6000  6.2659736E-03
   10.7000  6.5095856E-03
   10.8000  6.7756728E-03
   10.9000  7.0661447E-03
   11.0000  7.3832091E-03
   11.1000  7.7292116E-03
   11.2000  8.1066114E-03
   11.3000  8.5179074E-03
   11.4000  8.9656038E-03
   11.5000  9.4522124E-03
   11.6000  9.9803140E-03
   11.7000  1.0552647E-02
   11.8000  1.1172271E-02
   11.9000  1.1842677E-02
   12.0000  1.2568113E-02
   12.1000  1.3353772E-02
   12.2000  1.4206042E-02
   12.3000  1.5132721E-02
   12.4000  1.6143169E-02
   12.5000  1.7248379E-02
   12.6000  1.8460898E-02
   12.7000  1.9794481E-02
   12.8000  2.1263322E-02
   12.9000  2.2880893E-02
   13.0000  2.4657856E-02
   13.1000  2.6599165E-02
   13.2000  2.8700678E-02
   13.3000  3.0946151E-02
   13.4000  3.3329069E-02
   13.5000  3.5787359E-02
   13.6000  3.8274921E-02
   13.7000  4.0749501E-02
   13.8000  4.3199503E-02
   13.9000  4.5563071E-02
   14.0000  4.7903817E-02
   14.1000  5.0258827E-02
   14.2000  5.2689080E-02
   14.3000  5.5260696E-02
   14.4000  5.7997928E-02
   14.5000  6.0811797E-02
   14.6000  6.3446122E-02
   14.7000  6.5524655E-02
   14.8000  6.6740392E-02
   14.9000  6.7061292E-02
   15.0000  6.6751626E-02
   15.1000  6.6205443E-02
   15.2000  6.5772645E-02
   15.3000  6.5688595E-02
   15.4000  6.6084742E-02
   15.5000  6.7022564E-02
   15.6000  6.8518488E-02
   15.7000  7.0551974E-02
   15.8000  7.3060777E-02
   15.9000  7.5934507E-02
   16.0000  7.9022268E-02
   16.1000  8.2169338E-02
   16.2000  8.5279744E-02
   16.3000  8.8365906E-02
   16.4000  9.1532209E-02
   16.5000  9.4880912E-02
   16.6000  9.8395723E-02
   16.7000  1.0189746E-01
   16.8000  1.0511806E-01
   16.9000  1.0783218E-01
   17.0000  1.0994306E-01
   17.1000  1.1147018E-01
   17.2000  1.1249252E-01
   17.3000  1.1310443E-01
   17.4000  1.1337905E-01
   17.5000  1.1336587E-01
   17.6000  1.1310170E-01
   17.7000  1.1262843E-01
   17.8000  1.1201652E-01
   17.9000  1.1136897E-01
   18.0000  1.1080205E-01
   18.1000  1.1040649E-01
   18.2000  1.1021910E-01
   18.3000  1.1021328E-01
   18.4000  1.1031499E-01
   18.5000  1.1043127E-01
   18.6000  1.1047453E-01
   18.7000  1.1037832E-01
   18.8000  1.1010307E-01
   18.9000  1.0963626E-01
   19.0000  1.0898944E-01
   19.1000  1.0819413E-01
   19.2000  1.0729671E-01
   19.3000  1.0635237E-01
   19.4000  1.0542035E-01
   19.5000  1.0454981E-01
   19.6000  1.0380216E-01
   19.7000  1.0322391E-01
   19.8000  1.0284902E-01
   19.9000  1.0270097E-01
   20.0000  1.0279360E-01
   20.1000  1.0313231E-01
   20.2000  1.0371662E-01
   20.3000  1.0454189E-01
   20.4000  1.0560053E-01
   20.5000  1.0688357E-01
   20.6000  1.0838146E-01
   20.7000  1.1008474E-01
   20.8000  1.1198437E-01
   20.9000  1.1407234E-01
   21.0000  1.1633990E-01
   21.1000  1.1877949E-01
   21.2000  1.2138390E-01
   21.3000  1.2414606E-01
   21.4000  1.2705886E-01
   21.5000  1.3011486E-01
   21.6000  1.3330617E-01
   21.7000  1.3662412E-01
   21.8000  1.4005914E-01
   21.9000  1.4360119E-01
   22.0000  1.4723846E-01
   22.1000  1.5095629E-01
   22.2000  1.5473883E-01
   22.3000  1.5856744E-01
   22.4000  1.6242000E-01
   22.5000  1.6626989E-01
   22.6000  1.7008495E-01
   22.7000  1.7382654E-01
   22.8000  1.7744883E-01
   22.9000  1.8089884E-01
   23.0000  1.8411705E-01
   23.1000  1.8703978E-01
   23.2000  1.8960275E-01
   23.3000  1.9174342E-01
   23.4000  1.9340945E-01
   23.5000  1.9456310E-01
   23.6000  1.9518572E-01
   23.7000  1.9528028E-01
   23.8000  1.9487140E-01
   23.9000  1.9400211E-01
   24.0000  1.9272989E-01
   24.1000  1.9112090E-01
   24.2000  1.8924459E-01
   24.3000  1.8716919E-01
   24.4000  1.8495837E-01
   24.5000  1.8266938E-01
   24.6000  1.8035146E-01
   24.7000  1.7804497E-01
   24.8000  1.7578199E-01
   24.9000  1.7358659E-01
   25.0000  1.7147475E-01
   25.1000  1.6945489E-01
   25.2000  1.6752859E-01
   25.3000  1.6569130E-01
   25.4000  1.6393334E-01
   25.5000  1.6224087E-01
   25.6000  1.6059712E-01
   25.7000  1.5898369E-01
   25.8000  1.5738145E-01
   25.9000  1.5577214E-01
   26.0000  1.5413931E-01
   26.1000  1.5246967E-01
   26.2000  1.5075283E-01
   26.3000  1.4898242E-01
   26.4000  1.4715600E-01
   26.5000  1.4527336E-01
   26.6000  1.4333632E-01
   26.7000  1.4135627E-01
   26.8000  1.3934178E-01
   26.9000  1.3730313E-01
   27.0000  1.3525056E-01
   27.1000  1.3319450E-01
   27.2000  1.3114505E-01
   27.3000  1.2911167E-01
   27.4000  1.2710256E-01
   27.5000  1.2512508E-01
   27.6000  1.2318568E-01
   27.7000  1.2129015E-01
   27.8000  1.1944329E-01
   27.9000  1.1764879E-01
   28.0000  1.1589790E-01
   28.1000  1.1420698E-01
   28.2000  1.1258887E-01
   28.3000  1.1103321E-01
   28.4000  1.0952301E-01
   28.5000  1.0807889E-01
   28.6000  1.0671851E-01
   28.7000  1.0542343E-01
   28.8000  1.0419339E-01
   28.9000  1.0302781E-01
   29.0000  1.0192551E-01
   29.1000  1.0088507E-01
   29.2000  9.9904753E-02
   29.3000  9.8982333E-02
   29.4000  9.8115326E-02
   29.5000  9.7300937E-02
   29.6000  9.6536092E-02
   29.7000  9.5817654E-02
   29.8000  9.5142100E-02
   29.9000  9.4505713E-02
   30.0000  9.3904817E-02
   30.1000  9.3335685E-02
   30.2000  9.2794701E-02
   30.3000  9.2278444E-02
   30.4000  9.1783708E-02
   30.5000  9.1307605E-02
   30.6000  9.0847634E-02
   30.7000  9.0401769E-02
   30.8000  8.9886733E-02
   30.9000  8.9463768E-02
   31.0000  8.9052327E-02
   31.1000  8.8653009E-02
   31.2000  8.8267241E-02
   31.3000  8.7897070E-02
   31.4000  8.7545524E-02
   31.5000  8.7216417E-02
   31.6000  8.6914285E-02
   31.7000  8.6644374E-02
   31.8000  8.6412747E-02
   31.9000  8.6225466E-02
   32.0000  8.6088984E-02
   32.1000  8.6009618E-02
   32.2000  8.5993345E-02
   32.3000  8.6045379E-02
   32.4000  8.6169760E-02
   32.5000  8.6368978E-02
   32.6000  8.6643491E-02
   32.7000  8.6991384E-02
   32.8000  8.7408475E-02
   32.9000  8.7887779E-02
   33.0000  8.8419793E-02
   33.1000  8.8992897E-02
   33.2000  8.9594090E-02
   33.3000  9.0210042E-02
   33.4000  9.0828392E-02
   33.5000  9.1439133E-02
   33.6000  9.2035880E-02
   33.7000  9.2616744E-02
   33.8000  9.3184727E-02
   33.9000  9.3747420E-02
   34.0000  9.4316311E-02
   34.1000  9.4905661E-02
   34.2000  9.5529926E-02
   34.3000  9.6204214E-02
   34.4000  9.6942141E-02
   34.5000  9.7750137E-02
   34.6000  9.8624374E-02
   34.7000  9.9581867E-02
   34.8000  1.0062451E-01
   34.9000  1.0175145E-01
   35.0000  1.0295931E-01
   35.1000  1.0424239E-01
   35.2000  1.0559306E-01
   35.3000  1.0700191E-01
   35.4000  1.0845841E-01
   35.5000  1.0995113E-01
   35.6000  1.1146823E-01
   35.7000  1.1299790E-01
   35.8000  1.1452876E-01
   35.9000  1.1605022E-01
   36.0000  1.1755225E-01
   36.1000  1.1902757E-01
   36.2000  1.2047045E-01
   36.3000  1.2187690E-01
   36.4000  1.2324512E-01
   36.5000  1.2457604E-01
   36.6000  1.2587243E-01
   36.7000  1.2713906E-01
   36.8000  1.2838310E-01
   36.9000  1.2961488E-01
   37.0000  1.3084621E-01
   37.1000  1.3209010E-01
   37.2000  1.3336150E-01
   37.3000  1.3467557E-01
   37.4000  1.3604684E-01
   37.5000  1.3748770E-01
   37.6000  1.3900621E-01
   37.7000  1.4060505E-01
   37.8000  1.4227706E-01
   37.9000  1.4400249E-01
   38.0000  1.4574709E-01
   38.1000  1.4746528E-01
   38.2000  1.4910700E-01
   38.3000  1.5063131E-01
   38.4000  1.5202117E-01
   38.5000  1.5328700E-01
   38.6000  1.5445882E-01
   38.7000  1.5557025E-01
   38.8000  1.5664533E-01
   38.9000  1.5769291E-01
   39.0000  1.5870692E-01
   39.1000  1.5967209E-01
   39.2000  1.6056771E-01
   39.3000  1.6137043E-01
   39.4000  1.6205760E-01
   39.5000  1.6260814E-01
   39.6000  1.6300360E-01
   39.7000  1.6322810E-01
   39.8000  1.6326854E-01
   39.9000  1.6311459E-01
   40.0000  1.6275827E-01
   40.1000  1.6219390E-01
   40.2000  1.6141734E-01
   40.3000  1.6042783E-01
   40.4000  1.5922493E-01
   40.5000  1.5781025E-01
   40.6000  1.5618919E-01
   40.7000  1.5436792E-01
   40.8000  1.5235641E-01
   40.9000  1.5016886E-01
   41.0000  1.4782312E-01
   41.1000  1.4534021E-01
   41.2000  1.4274373E-01
   41.3000  1.4005895E-01
   41.4000  1.3731191E-01
   41.5000  1.3452845E-01
   41.6000  1.3173377E-01
   41.7000  1.2895087E-01
   41.8000  1.2620093E-01
   41.9000  1.2350377E-01
   42.0000  1.2087463E-01
   42.1000  1.1832772E-01
   42.2000  1.1587489E-01
   42.3000  1.1352568E-01
   42.4000  1.1128695E-01
   42.5000  1.0916290E-01
   42.6000  1.0715531E-01
   42.7000  1.0526301E-01
   42.8000  1.0348310E-01
   42.9000  1.0181106E-01
   43.0000  1.0024087E-01
   43.1000  9.8765626E-02
   43.2000  9.7378281E-02
   43.3000  9.6072037E-02
   43.4000  9.4840041E-02
   43.5000  9.3693483E-02
   43.6000  9.2607595E-02
   43.7000  9.1574505E-02
   43.8000  9.0590192E-02
   43.9000  8.9651190E-02
   44.0000  8.8754522E-02
   44.1000  8.7897773E-02
   44.2000  8.7078860E-02
   44.3000  8.6296017E-02
   44.4000  8.5547889E-02
   44.5000  8.4833317E-02
   44.6000  8.4151285E-02
   44.7000  8.3500857E-02
   44.8000  8.2881505E-02
   44.9000  8.2292709E-02
   45.0000  8.1734147E-02
   45.1000  8.1205861E-02
   45.2000  8.0706733E-02
   45.3000  8.0236365E-02
   45.4000  7.9794356E-02
   45.5000  7.9380357E-02
   45.6000  7.8993992E-02
   45.7000  7.8634772E-02
   45.8000  7.8302350E-02
   45.9000  7.7996254E-02
   46.0000  7.7715959E-02
   46.1000  7.7460864E-02
   46.2000  7.7230282E-02
   46.3000  7.7023404E-02
   46.4000  7.6839279E-02
   46.5000  7.6676844E-02
   46.6000  7.6534833E-02
   46.7000  7.6411690E-02
   46.8000  7.6305740E-02
   46.9000  7.6215024E-02
   47.0000  7.6137364E-02
   47.1000  7.6070393E-02
   47.2000  7.6010794E-02
   47.3000  7.5955573E-02
   47.4000  7.5901358E-02
   47.5000  7.5844597E-02
   47.6000  7.5781651E-02
   47.7000  7.5708892E-02
   47.8000  7.5622913E-02
   47.9000  7.5520604E-02
   48.0000  7.5399352E-02
   48.1000  7.5257232E-02
   48.2000  7.5093249E-02
   48.3000  7.4906860E-02
   48.4000  7.4699025E-02
   48.5000  7.4471422E-02
   48.6000  7.4226496E-02
   48.7000  7.3967498E-02
   48.8000  7.3698251E-02
   48.9000  7.3423085E-02
   49.0000  7.3146378E-02
   49.1000  7.2872462E-02
   49.2000  7.2605616E-02
   49.3000  7.2349913E-02
   49.4000  7.2109374E-02
   49.5000  7.1886385E-02
   49.6000  7.1683400E-02
   49.7000  7.1502490E-02
   49.8000  7.1345205E-02
   49.9000  7.1213050E-02
   50.0000  7.1106359E-02
