Filout
run_8

Range
-20 1 -10 0.05 10 0.1 50

Radius
5.0

Edge
K

Z_absorber
22

Green
Quadrupole
SCF

Crystal
7.35998044715837 7.35998044715837 7.35998044715837 92.32913388502652 92.32913388502652 156.73970690059835
22 0.644453 0.172587 0.81704
22 0.172587 0.355547 0.528134
22 0.827413 0.644453 0.471866
22 0.355547 0.827413 0.18296
8 0.836262 0.458985 0.295247
8 0.458985 0.163738 0.622721
8 0.541015 0.836262 0.377279
8 0.163738 0.541015 0.704753
8 0.156607 0.790964 0.947571
8 0.790964 0.843393 0.634358
8 0.843393 0.209036 0.052429
8 0.209036 0.156607 0.365642

Convolution
End