  4966.000   22  1  1  3.5021339E-02 -4.0129571E+00 -5.3221871E-01  1  1  4.8539854E+03  1.5421185E+02  0.0000000E+00  2.1560302E+00  2.0000000E+00  0.0000000E+00  = E_edge, Z, n_edge, j_edge, Abs_before_edge, VO_interstitial, E_cut, ninit, ninit1, Epsii, UnitCell_Volume, Surface_ref, f0_forward, natomsym_f, abs_u_iso
    Energy    <xanes>    
  -20.0000  1.7633543E-04
  -19.0000  1.8998235E-04
  -18.0000  2.5587868E-04
  -17.0000  7.4908604E-04
  -16.0000  1.4963454E-01
  -15.0000  7.5891825E-04
  -14.0000  2.3593241E-04
  -13.0000  1.5211542E-04
  -12.0000  1.2259561E-04
  -11.0000  1.0902641E-04
  -10.0000  1.0268226E-04
  -9.95000  1.0249831E-04
  -9.90000  1.0232574E-04
  -9.85000  1.0216445E-04
  -9.80000  1.0201435E-04
  -9.75000  1.0187537E-04
  -9.70000  1.0174743E-04
  -9.65000  1.0163045E-04
  -9.60000  1.0152443E-04
  -9.55000  1.0142930E-04
  -9.50000  1.0134505E-04
  -9.45000  1.0127168E-04
  -9.40000  1.0120917E-04
  -9.35000  1.0115755E-04
  -9.30000  1.0111682E-04
  -9.25000  1.0108703E-04
  -9.20000  1.0106819E-04
  -9.15000  1.0106033E-04
  -9.10000  1.0106350E-04
  -9.05000  1.0107780E-04
  -9.00000  1.0110332E-04
  -8.95000  1.0114015E-04
  -8.90000  1.0118840E-04
  -8.85000  1.0124817E-04
  -8.80000  1.0131960E-04
  -8.75000  1.0140281E-04
  -8.70000  1.0149795E-04
  -8.65000  1.0160512E-04
  -8.60000  1.0172452E-04
  -8.55000  1.0185637E-04
  -8.50000  1.0200085E-04
  -8.45000  1.0215819E-04
  -8.40000  1.0232862E-04
  -8.35000  1.0251237E-04
  -8.30000  1.0270970E-04
  -8.25000  1.0292085E-04
  -8.20000  1.0314610E-04
  -8.15000  1.0338573E-04
  -8.10000  1.0364009E-04
  -8.05000  1.0390954E-04
  -8.00000  1.0419443E-04
  -7.95000  1.0449515E-04
  -7.90000  1.0481210E-04
  -7.85000  1.0514572E-04
  -7.80000  1.0549641E-04
  -7.75000  1.0586463E-04
  -7.70000  1.0625085E-04
  -7.65000  1.0665562E-04
  -7.60000  1.0707950E-04
  -7.55000  1.0752307E-04
  -7.50000  1.0798695E-04
  -7.45000  1.0847179E-04
  -7.40000  1.0897829E-04
  -7.35000  1.0950713E-04
  -7.30000  1.1005900E-04
  -7.25000  1.1063469E-04
  -7.20000  1.1123513E-04
  -7.15000  1.1186117E-04
  -7.10000  1.1251376E-04
  -7.05000  1.1319391E-04
  -7.00000  1.1390266E-04
  -6.95000  1.1464112E-04
  -6.90000  1.1541046E-04
  -6.85000  1.1621181E-04
  -6.80000  1.1704658E-04
  -6.75000  1.1791614E-04
  -6.70000  1.1882197E-04
  -6.65000  1.1976568E-04
  -6.60000  1.2074891E-04
  -6.55000  1.2177345E-04
  -6.50000  1.2284118E-04
  -6.45000  1.2395408E-04
  -6.40000  1.2511408E-04
  -6.35000  1.2632360E-04
  -6.30000  1.2758510E-04
  -6.25000  1.2890114E-04
  -6.20000  1.3027450E-04
  -6.15000  1.3170810E-04
  -6.10000  1.3320509E-04
  -6.05000  1.3476880E-04
  -6.00000  1.3640285E-04
  -5.95000  1.3811101E-04
  -5.90000  1.3989764E-04
  -5.85000  1.4176725E-04
  -5.80000  1.4372463E-04
  -5.75000  1.4577488E-04
  -5.70000  1.4792363E-04
  -5.65000  1.5017708E-04
  -5.60000  1.5254184E-04
  -5.55000  1.5502514E-04
  -5.50000  1.5763438E-04
  -5.45000  1.6037823E-04
  -5.40000  1.6326600E-04
  -5.35000  1.6630777E-04
  -5.30000  1.6951456E-04
  -5.25000  1.7289827E-04
  -5.20000  1.7647208E-04
  -5.15000  1.8025062E-04
  -5.10000  1.8425000E-04
  -5.05000  1.8848763E-04
  -5.00000  1.9298318E-04
  -4.95000  1.9775842E-04
  -4.90000  2.0283762E-04
  -4.85000  2.0824784E-04
  -4.80000  2.1401903E-04
  -4.75000  2.2018501E-04
  -4.70000  2.2678421E-04
  -4.65000  2.3385961E-04
  -4.60000  2.4145938E-04
  -4.55000  2.4963946E-04
  -4.50000  2.5846373E-04
  -4.45000  2.6800492E-04
  -4.40000  2.7834653E-04
  -4.35000  2.8958682E-04
  -4.30000  3.0183988E-04
  -4.25000  3.1523827E-04
  -4.20000  3.2993918E-04
  -4.15000  3.4613103E-04
  -4.10000  3.6403847E-04
  -4.05000  3.8393439E-04
  -4.00000  4.0615110E-04
  -3.95000  4.3110068E-04
  -3.90000  4.5930066E-04
  -3.85000  4.9140961E-04
  -3.80000  5.2828077E-04
  -3.75000  5.7104971E-04
  -3.70000  6.2126882E-04
  -3.65000  6.8113473E-04
  -3.60000  7.5390421E-04
  -3.55000  8.4471825E-04
  -3.50000  9.6243943E-04
  -3.45000  1.1243383E-03
  -3.40000  1.3708385E-03
  -3.35000  1.8284226E-03
  -3.30000  3.1623065E-03
  -3.25000  1.9279577E-02
  -3.20000  1.0034275E-02
  -3.15000  4.4855170E-03
  -3.10000  6.4023621E-03
  -3.05000  4.1179084E-02
  -3.00000  1.8500587E-02
  -2.95000  1.6461143E-02
  -2.90000  6.0877730E-02
  -2.85000  1.0654261E-01
  -2.80000  7.3657189E-02
  -2.75000  2.1001965E-01
  -2.70000  1.8465235E-01
  -2.65000  8.9433305E-02
  -2.60000  1.1374206E+00
  -2.55000  9.3706301E-02
  -2.50000  1.1815043E-01
  -2.45000  2.9386352E-02
  -2.40000  5.3730293E-02
  -2.35000  9.3176616E-02
  -2.30000  1.4064978E-02
  -2.25000  6.5696510E-02
  -2.20000  1.1111145E-02
  -2.15000  8.9062865E-03
  -2.10000  1.9229591E-02
  -2.05000  5.5730009E-02
  -2.00000  3.1188351E-01
  -1.95000  8.1963570E-02
  -1.90000  6.1746824E-02
  -1.85000  2.6488865E-02
  -1.80000  2.4837282E-01
  -1.75000  2.1766083E-02
  -1.70000  6.7507288E-02
  -1.65000  1.3410233E-01
  -1.60000  7.2914233E-02
  -1.55000  4.6868220E-02
  -1.50000  3.7730152E-02
  -1.45000  8.1091163E-02
  -1.40000  7.6644926E-02
  -1.35000  9.9449729E-03
  -1.30000  8.3746704E-03
  -1.25000  3.5069213E-02
  -1.20000  3.3855508E-02
  -1.15000  9.5439018E-02
  -1.10000  6.2184012E-02
  -1.05000  1.7994226E-02
  -1.00000  4.9341004E-02
  -0.95000  1.5704556E-02
  -0.90000  1.6300629E-02
  -0.85000  1.6247087E-01
  -0.80000  1.6555225E-02
  -0.75000  4.3737964E-02
  -0.70000  1.2541988E-01
  -0.65000  3.0360560E-01
  -0.60000  9.1564645E-02
  -0.55000  1.0423315E-01
  -0.50000  6.0211620E-01
  -0.45000  5.8119283E-02
  -0.40000  6.7770293E-02
  -0.35000  4.9687197E-01
  -0.30000  6.1372136E-02
  -0.25000  2.6869432E-01
  -0.20000  6.1428370E-02
  -0.15000  9.5512654E-02
  -0.10000  1.3318292E-01
  -0.05000  4.6694205E-02
  -0.00000  3.3895818E-01
   0.05000  3.2042259E-02
   0.10000  1.8285336E-02
   0.15000  1.4206862E-02
   0.20000  2.0958633E-02
   0.25000  7.5354721E-02
   0.30000  3.3235420E-02
   0.35000  6.8484739E-03
   0.40000  3.1808228E-03
   0.45000  1.7884149E-03
   0.50000  1.4451101E-03
   0.55000  2.3175816E-03
   0.60000  1.2840346E-03
   0.65000  8.9982488E-04
   0.70000  7.7582202E-04
   0.75000  6.9432167E-04
   0.80000  6.3212171E-04
   0.85000  5.8205189E-04
   0.90000  5.4067072E-04
   0.95000  5.0459372E-04
   1.00000  4.7498475E-04
   1.05000  4.5067143E-04
   1.10000  4.3333031E-04
   1.15000  4.7364380E-04
   1.20000  2.3602171E-05
   1.25000  4.9933466E-05
   1.30000  7.2787226E-05
   1.35000  9.2688867E-05
   1.40000  1.1053394E-04
   1.45000  1.2667657E-04
   1.50000  1.4179722E-04
   1.55000  1.5655134E-04
   1.60000  1.7164622E-04
   1.65000  1.8794369E-04
   1.70000  2.0662592E-04
   1.75000  2.2950026E-04
   1.80000  2.5962722E-04
   1.85000  3.0276185E-04
   1.90000  3.7112289E-04
   1.95000  4.9511632E-04
   2.00000  7.7059784E-04
   2.05000  1.6563352E-03
   2.10000  9.5386886E-03
   2.15000  1.6535612E-02
   2.20000  5.1825834E-02
   2.25000  1.5273339E-03
   2.30000  7.0467856E-04
   2.35000  4.8640480E-04
   2.40000  3.9990176E-04
   2.45000  3.6153960E-04
   2.50000  3.4611153E-04
   2.55000  3.4402434E-04
   2.60000  3.5134874E-04
   2.65000  3.6689356E-04
   2.70000  3.9074734E-04
   2.75000  4.2466274E-04
   2.80000  4.7238208E-04
   2.85000  5.4096759E-04
   2.90000  6.4347379E-04
   2.95000  8.0276435E-04
   3.00000  1.0586099E-03
   3.05000  4.7627947E-03
   3.10000  3.9573658E-03
   3.15000  3.7098927E-03
   3.20000  2.9310655E-02
   3.25000  4.1807727E-03
   3.30000  5.7642538E-03
   3.35000  1.3913566E-02
   3.40000  4.0786643E-03
   3.45000  4.4190524E-03
   3.50000  8.1660623E-03
   3.55000  1.4969319E-02
   3.60000  1.1423067E-02
   3.65000  7.7638335E-03
   3.70000  1.7197130E-02
   3.75000  3.7841907E-02
   3.80000  1.6514636E-02
   3.85000  1.2360553E-02
   3.90000  1.8875050E-02
   3.95000  3.0792341E-02
   4.00000  6.1098774E-02
   4.05000  7.5051545E-02
   4.10000  3.1333483E-02
   4.15000  1.2374136E-02
   4.20000  9.1249355E-03
   4.25000  8.1437305E-03
   4.30000  7.2659713E-03
   4.35000  7.2499978E-03
   4.40000  7.5345084E-03
   4.45000  8.2405087E-03
   4.50000  8.8708548E-03
   4.55000  9.7200728E-03
   4.60000  1.4730421E-02
   4.65000  3.3617741E-02
   4.70000  5.9227378E-02
   4.75000  3.7669368E-02
   4.80000  2.0517669E-02
   4.85000  1.3353530E-02
   4.90000  1.0301178E-02
   4.95000  9.1813857E-03
   5.00000  9.2062242E-03
   5.05000  1.0066540E-02
   5.10000  1.1592334E-02
   5.15000  1.3546898E-02
   5.20000  1.5518083E-02
   5.25000  1.7060015E-02
   5.30000  1.8043957E-02
   5.35000  1.8781517E-02
   5.40000  1.9786109E-02
   5.45000  2.1533215E-02
   5.50000  2.4354807E-02
   5.55000  2.8218288E-02
   5.60000  3.2134225E-02
   5.65000  3.3970638E-02
   5.70000  3.2110587E-02
   5.75000  2.7300197E-02
   5.80000  2.1770722E-02
   5.85000  1.7042453E-02
   5.90000  1.3487640E-02
   5.95000  1.0947913E-02
   6.00000  9.1680680E-03
   6.05000  7.9372822E-03
   6.10000  7.1039882E-03
   6.15000  5.6352195E-03
   6.20000  5.4339859E-03
   6.25000  5.2994683E-03
   6.30000  5.2911172E-03
   6.35000  5.5079212E-03
   6.40000  6.0247431E-03
   6.45000  6.9206578E-03
   6.50000  8.1738874E-03
   6.55000  9.5035759E-03
   6.60000  9.9440853E-03
   6.65000  9.3142665E-03
   6.70000  8.4731192E-03
   6.75000  6.8732671E-03
   6.80000  5.1593020E-03
   6.85000  3.9531596E-03
   6.90000  3.2096925E-03
   6.95000  2.7794414E-03
   7.00000  2.4800912E-03
   7.05000  2.1998242E-03
   7.10000  1.9571812E-03
   7.15000  1.7670410E-03
   7.20000  1.6219991E-03
   7.25000  1.5102767E-03
   7.30000  1.4225428E-03
   7.35000  1.3523615E-03
   7.40000  1.2953757E-03
   7.45000  1.2485746E-03
   7.50000  1.2098240E-03
   7.55000  1.1775763E-03
   7.60000  1.1506809E-03
   7.65000  1.1282160E-03
   7.70000  1.1094164E-03
   7.75000  1.0939022E-03
   7.80000  1.0812568E-03
   7.85000  1.0711464E-03
   7.90000  1.0633015E-03
   7.95000  1.0575027E-03
   8.00000  1.0535746E-03
   8.05000  1.0513679E-03
   8.10000  1.0507612E-03
   8.15000  1.0516534E-03
   8.20000  1.0539602E-03
   8.25000  1.0576162E-03
   8.30000  1.0625647E-03
   8.35000  1.0687594E-03
   8.40000  1.0761648E-03
   8.45000  1.0847549E-03
   8.50000  1.0945096E-03
   8.55000  1.1054124E-03
   8.60000  1.1174545E-03
   8.65000  1.1306326E-03
   8.70000  1.1449490E-03
   8.75000  1.1604067E-03
   8.80000  1.1770160E-03
   8.85000  1.1947894E-03
   8.90000  1.2137432E-03
   8.95000  1.2339003E-03
   9.00000  1.2552812E-03
   9.05000  1.2779126E-03
   9.10000  1.3018245E-03
   9.15000  1.3270506E-03
   9.20000  1.3536304E-03
   9.25000  1.3816062E-03
   9.30000  1.4110182E-03
   9.35000  1.4419143E-03
   9.40000  1.4743464E-03
   9.45000  1.5083707E-03
   9.50000  1.5440480E-03
   9.55000  1.5814448E-03
   9.60000  1.6206312E-03
   9.65000  1.6616837E-03
   9.70000  1.7046874E-03
   9.75000  1.7497301E-03
   9.80000  1.7969079E-03
   9.85000  1.8463259E-03
   9.90000  1.8980985E-03
   9.95000  1.9523494E-03
   10.0000  2.0092135E-03
   10.1000  2.1313833E-03
   10.2000  2.2659585E-03
   10.3000  2.4145692E-03
   10.4000  2.5791874E-03
   10.5000  2.7622183E-03
   10.6000  2.9666271E-03
   10.7000  3.1960879E-03
   10.8000  3.4551739E-03
   10.9000  3.7495958E-03
   11.0000  4.0709322E-03
   11.1000  4.4582771E-03
   11.2000  4.9073400E-03
   11.3000  5.4321715E-03
   11.4000  6.0472576E-03
   11.5000  6.7672656E-03
   11.6000  7.6060085E-03
   11.7000  8.5693094E-03
   11.8000  9.6463764E-03
   11.9000  1.0799807E-02
   12.0000  1.1959958E-02
   12.1000  1.3033353E-02
   12.2000  1.3930043E-02
   12.3000  1.4598920E-02
   12.4000  1.5047236E-02
   12.5000  1.5330960E-02
   12.6000  1.5526839E-02
   12.7000  1.5706626E-02
   12.8000  1.5923873E-02
   12.9000  1.6212104E-02
   13.0000  1.6588304E-02
   13.1000  1.7057561E-02
   13.2000  1.7617215E-02
   13.3000  1.8260346E-02
   13.4000  1.8978956E-02
   13.5000  1.9766776E-02
   13.6000  2.0621331E-02
   13.7000  2.1544636E-02
   13.8000  2.2542251E-02
   13.9000  2.3621376E-02
   14.0000  2.4788804E-02
   14.1000  2.6049235E-02
   14.2000  2.7404375E-02
   14.3000  2.8852769E-02
   14.4000  3.0390228E-02
   14.5000  3.2010742E-02
   14.6000  3.3707737E-02
   14.7000  3.5475488E-02
   14.8000  3.7310480E-02
   14.9000  3.9212226E-02
   15.0000  4.1183037E-02
   15.1000  4.3227205E-02
   15.2000  4.5348902E-02
   15.3000  4.7549564E-02
   15.4000  4.9825228E-02
   15.5000  5.2164363E-02
   15.6000  5.4546601E-02
   15.7000  5.6942525E-02
   15.8000  5.9314722E-02
   15.9000  6.1619900E-02
   16.0000  6.3812171E-02
   16.1000  6.5854378E-02
   16.2000  6.7701820E-02
   16.3000  6.9319169E-02
   16.4000  7.0692991E-02
   16.5000  7.1746295E-02
   16.6000  7.2664337E-02
   16.7000  7.3436629E-02
   16.8000  7.4119063E-02
   16.9000  7.4774795E-02
   17.0000  7.5469361E-02
   17.1000  7.6267277E-02
   17.2000  7.7228625E-02
   17.3000  7.8406758E-02
   17.4000  7.9847865E-02
   17.5000  8.1588370E-02
   17.6000  8.3651957E-02
   17.7000  8.6047258E-02
   17.8000  8.8763279E-02
   17.9000  9.1767059E-02
   18.0000  9.5001237E-02
   18.1000  9.8390950E-02
   18.2000  1.0185079E-01
   18.3000  1.0529506E-01
   18.4000  1.0864854E-01
   18.5000  1.1185325E-01
   18.6000  1.1487572E-01
   18.7000  1.1771263E-01
   18.8000  1.2039009E-01
   18.9000  1.2295913E-01
   19.0000  1.2548529E-01
   19.1000  1.2803717E-01
   19.2000  1.3067106E-01
   19.3000  1.3342450E-01
   19.4000  1.3631170E-01
   19.5000  1.3932170E-01
   19.6000  1.4242158E-01
   19.7000  1.4556113E-01
   19.8000  1.4867949E-01
   19.9000  1.5171355E-01
   20.0000  1.5460210E-01
   20.1000  1.5729266E-01
   20.2000  1.5974568E-01
   20.3000  1.6193489E-01
   20.4000  1.6384711E-01
   20.5000  1.6548110E-01
   20.6000  1.6684526E-01
   20.7000  1.6795679E-01
   20.8000  1.6884107E-01
   20.9000  1.6953162E-01
   21.0000  1.7006583E-01
   21.1000  1.7048759E-01
   21.2000  1.7084377E-01
   21.3000  1.7118225E-01
   21.4000  1.7154878E-01
   21.5000  1.7198449E-01
   21.6000  1.7251624E-01
   21.7000  1.7317953E-01
   21.8000  1.7399317E-01
   21.9000  1.7496712E-01
   22.0000  1.7610501E-01
   22.1000  1.7740153E-01
   22.2000  1.7884808E-01
   22.3000  1.8043248E-01
   22.4000  1.8214098E-01
   22.5000  1.8395949E-01
   22.6000  1.8587450E-01
   22.7000  1.8787396E-01
   22.8000  1.8994781E-01
   22.9000  1.9208821E-01
   23.0000  1.9428982E-01
   23.1000  1.9654905E-01
   23.2000  1.9886510E-01
   23.3000  2.0123742E-01
   23.4000  2.0366580E-01
   23.5000  2.0615128E-01
   23.6000  2.0869483E-01
   23.7000  2.1129719E-01
   23.8000  2.1395819E-01
   23.9000  2.1667639E-01
   24.0000  2.1944880E-01
   24.1000  2.2226982E-01
   24.2000  2.2513112E-01
   24.3000  2.2802119E-01
   24.4000  2.3092466E-01
   24.5000  2.3382159E-01
   24.6000  2.3668701E-01
   24.7000  2.3949004E-01
   24.8000  2.4219216E-01
   24.9000  2.4474895E-01
   25.0000  2.4710902E-01
   25.1000  2.4921430E-01
   25.2000  2.5100095E-01
   25.3000  2.5240131E-01
   25.4000  2.5334693E-01
   25.5000  2.5377369E-01
   25.6000  2.5362580E-01
   25.7000  2.5286223E-01
   25.8000  2.5146177E-01
   25.9000  2.4942708E-01
   26.0000  2.4678510E-01
   26.1000  2.4358446E-01
   26.2000  2.3989307E-01
   26.3000  2.3578343E-01
   26.4000  2.3132739E-01
   26.5000  2.2658522E-01
   26.6000  2.2160526E-01
   26.7000  2.1641961E-01
   26.8000  2.1104647E-01
   26.9000  2.0549744E-01
   27.0000  1.9978306E-01
   27.1000  1.9392012E-01
   27.2000  1.8793637E-01
   27.3000  1.8187442E-01
   27.4000  1.7579022E-01
   27.5000  1.6974967E-01
   27.6000  1.6382354E-01
   27.7000  1.5807828E-01
   27.8000  1.5257347E-01
   27.9000  1.4733497E-01
   28.0000  1.4241895E-01
   28.1000  1.3784738E-01
   28.2000  1.3362525E-01
   28.3000  1.2974537E-01
   28.4000  1.2619068E-01
   28.5000  1.2293844E-01
   28.6000  1.1996252E-01
   28.7000  1.1723599E-01
   28.8000  1.1473317E-01
   28.9000  1.1243083E-01
   29.0000  1.1030879E-01
   29.1000  1.0835053E-01
   29.2000  1.0654177E-01
   29.3000  1.0487112E-01
   29.4000  1.0332928E-01
   29.5000  1.0190862E-01
   29.6000  1.0060279E-01
   29.7000  9.9406492E-02
   29.8000  9.8315164E-02
   29.9000  9.7325046E-02
   30.0000  9.6432714E-02
   30.1000  9.5635482E-02
   30.2000  9.4930815E-02
   30.3000  9.4316667E-02
   30.4000  9.3791409E-02
   30.5000  9.3353692E-02
   30.6000  9.3002407E-02
   30.7000  9.2783269E-02
   30.8000  9.2641228E-02
   30.9000  9.2551458E-02
   31.0000  9.2545069E-02
   31.1000  9.2621243E-02
   31.2000  9.2785766E-02
   31.3000  9.3024548E-02
   31.4000  9.3342330E-02
   31.5000  9.3737461E-02
   31.6000  9.4207964E-02
   31.7000  9.4831355E-02
   31.8000  9.5455998E-02
   31.9000  9.6147399E-02
   32.0000  9.6902214E-02
   32.1000  9.7716188E-02
   32.2000  9.8584710E-02
   32.3000  9.9502865E-02
   32.4000  1.0046507E-01
   32.5000  1.0146567E-01
   32.6000  1.0249855E-01
   32.7000  1.0355711E-01
   32.8000  1.0463502E-01
   32.9000  1.0572574E-01
   33.0000  1.0682264E-01
   33.1000  1.0791912E-01
   33.2000  1.0900894E-01
   33.3000  1.1008617E-01
   33.4000  1.1114554E-01
   33.5000  1.1218239E-01
   33.6000  1.1319277E-01
   33.7000  1.1417358E-01
   33.8000  1.1512257E-01
   33.9000  1.1603847E-01
   34.0000  1.1692098E-01
   34.1000  1.1777067E-01
   34.2000  1.1858932E-01
   34.3000  1.1937937E-01
   34.4000  1.2014406E-01
   34.5000  1.2088721E-01
   34.6000  1.2161342E-01
   34.7000  1.2232758E-01
   34.8000  1.2303478E-01
   34.9000  1.2374032E-01
   35.0000  1.2444449E-01
   35.1000  1.2515047E-01
   35.2000  1.2586930E-01
   35.3000  1.2660535E-01
   35.4000  1.2736252E-01
   35.5000  1.2814412E-01
   35.6000  1.2895271E-01
   35.7000  1.2978988E-01
   35.8000  1.3065581E-01
   35.9000  1.3154972E-01
   36.0000  1.3246936E-01
   36.1000  1.3340994E-01
   36.2000  1.3436605E-01
   36.3000  1.3532952E-01
   36.4000  1.3628990E-01
   36.5000  1.3723462E-01
   36.6000  1.3814894E-01
   36.7000  1.3901638E-01
   36.8000  1.3982017E-01
   36.9000  1.4053919E-01
   37.0000  1.4115418E-01
   37.1000  1.4164558E-01
   37.2000  1.4199595E-01
   37.3000  1.4219097E-01
   37.4000  1.4221962E-01
   37.5000  1.4207519E-01
   37.6000  1.4175677E-01
   37.7000  1.4126933E-01
   37.8000  1.4062442E-01
   37.9000  1.3983992E-01
   38.0000  1.3893763E-01
   38.1000  1.3794152E-01
   38.2000  1.3688018E-01
   38.3000  1.3578155E-01
   38.4000  1.3467214E-01
   38.5000  1.3357792E-01
   38.6000  1.3251998E-01
   38.7000  1.3151402E-01
   38.8000  1.3057060E-01
   38.9000  1.2969494E-01
   39.0000  1.2888747E-01
   39.1000  1.2814425E-01
   39.2000  1.2745778E-01
   39.3000  1.2681806E-01
   39.4000  1.2621473E-01
   39.5000  1.2563554E-01
   39.6000  1.2506836E-01
   39.7000  1.2450294E-01
   39.8000  1.2393059E-01
   39.9000  1.2334438E-01
   40.0000  1.2273906E-01
   40.1000  1.2211065E-01
   40.2000  1.2145560E-01
   40.3000  1.2077081E-01
   40.4000  1.2005277E-01
   40.5000  1.1929733E-01
   40.6000  1.1849605E-01
   40.7000  1.1763856E-01
   40.8000  1.1671281E-01
   40.9000  1.1570568E-01
   41.0000  1.1460457E-01
   41.1000  1.1339981E-01
   41.2000  1.1208767E-01
   41.3000  1.1067224E-01
   41.4000  1.0916654E-01
   41.5000  1.0759126E-01
   41.6000  1.0597202E-01
   41.7000  1.0433555E-01
   41.8000  1.0270750E-01
   41.9000  1.0110572E-01
   42.0000  9.9541614E-02
   42.1000  9.8020635E-02
   42.2000  9.6542759E-02
   42.3000  9.5103789E-02
   42.4000  9.3697095E-02
   42.5000  9.2314571E-02
   42.6000  9.0947791E-02
   42.7000  8.9589186E-02
   42.8000  8.8232789E-02
   42.9000  8.6874334E-02
   43.0000  8.5520175E-02
   43.1000  8.4167445E-02
   43.2000  8.2810421E-02
   43.3000  8.1451960E-02
   43.4000  8.0096085E-02
   43.5000  7.8745838E-02
   43.6000  7.7405974E-02
   43.7000  7.6081597E-02
   43.8000  7.4777731E-02
   43.9000  7.3499085E-02
   44.0000  7.2249870E-02
   44.1000  7.1033622E-02
   44.2000  6.9852984E-02
   44.3000  6.8710286E-02
   44.4000  6.7606847E-02
   44.5000  6.6543465E-02
   44.6000  6.5520199E-02
   44.7000  6.4536607E-02
   44.8000  6.3591910E-02
   44.9000  6.2685115E-02
   45.0000  6.1815194E-02
   45.1000  6.0981859E-02
   45.2000  6.0184491E-02
   45.3000  5.9422400E-02
   45.4000  5.8695946E-02
   45.5000  5.8005941E-02
   45.6000  5.7353943E-02
   45.7000  5.6741384E-02
   45.8000  5.6170297E-02
   45.9000  5.5642910E-02
   46.0000  5.5161469E-02
   46.1000  5.4728041E-02
   46.2000  5.4344358E-02
   46.3000  5.4011725E-02
   46.4000  5.3730853E-02
   46.5000  5.3501711E-02
   46.6000  5.3323514E-02
   46.7000  5.3194674E-02
   46.8000  5.3112703E-02
   46.9000  5.3074421E-02
   47.0000  5.3075988E-02
   47.1000  5.3113116E-02
   47.2000  5.3181328E-02
   47.3000  5.3275789E-02
   47.4000  5.3392147E-02
   47.5000  5.3525985E-02
   47.6000  5.3673696E-02
   47.7000  5.3831996E-02
   47.8000  5.3998378E-02
   47.9000  5.4170996E-02
   48.0000  5.4348778E-02
   48.1000  5.4530819E-02
   48.2000  5.4716889E-02
   48.3000  5.4907005E-02
   48.4000  5.5101570E-02
   48.5000  5.5300542E-02
   48.6000  5.5503640E-02
   48.7000  5.5710636E-02
   48.8000  5.5920821E-02
   48.9000  5.6133264E-02
   49.0000  5.6347052E-02
   49.1000  5.6560813E-02
   49.2000  5.6773259E-02
   49.3000  5.6983273E-02
   49.4000  5.7190058E-02
   49.5000  5.7392915E-02
   49.6000  5.7591556E-02
   49.7000  5.7785642E-02
   49.8000  5.7975183E-02
   49.9000  5.8160351E-02
   50.0000  5.8341403E-02
