  4966.000   22  1  1  3.5021339E-02 -2.9030256E+00 -1.0689572E-01  1  1  4.8526351E+03  2.0494692E+02  0.0000000E+00  2.1560302E+00  4.0000000E+00  0.0000000E+00  = E_edge, Z, n_edge, j_edge, Abs_before_edge, VO_interstitial, E_cut, ninit, ninit1, Epsii, UnitCell_Volume, Surface_ref, f0_forward, natomsym_f, abs_u_iso
    Energy    <xanes>    
  -20.0000  3.5722861E-04
  -19.0000  3.7654402E-04
  -18.0000  4.7580334E-04
  -17.0000  1.0381515E-03
  -16.0000  5.3295040E-02
  -15.0000  2.4301533E-03
  -14.0000  5.6702700E-04
  -13.0000  3.3352642E-04
  -12.0000  2.5772625E-04
  -11.0000  2.2367284E-04
  -10.0000  2.0688818E-04
  -9.95000  2.0634494E-04
  -9.90000  2.0582593E-04
  -9.85000  2.0533079E-04
  -9.80000  2.0485919E-04
  -9.75000  2.0441080E-04
  -9.70000  2.0398535E-04
  -9.65000  2.0358261E-04
  -9.60000  2.0320237E-04
  -9.55000  2.0284442E-04
  -9.50000  2.0250859E-04
  -9.45000  2.0219473E-04
  -9.40000  2.0190269E-04
  -9.35000  2.0163237E-04
  -9.30000  2.0138368E-04
  -9.25000  2.0115654E-04
  -9.20000  2.0095089E-04
  -9.15000  2.0076664E-04
  -9.10000  2.0060385E-04
  -9.05000  2.0046254E-04
  -9.00000  2.0034275E-04
  -8.95000  2.0024453E-04
  -8.90000  2.0016795E-04
  -8.85000  2.0011310E-04
  -8.80000  2.0008011E-04
  -8.75000  2.0006911E-04
  -8.70000  2.0008023E-04
  -8.65000  2.0011362E-04
  -8.60000  2.0016945E-04
  -8.55000  2.0024802E-04
  -8.50000  2.0034959E-04
  -8.45000  2.0047440E-04
  -8.40000  2.0062274E-04
  -8.35000  2.0079496E-04
  -8.30000  2.0099140E-04
  -8.25000  2.0121239E-04
  -8.20000  2.0145832E-04
  -8.15000  2.0172966E-04
  -8.10000  2.0202673E-04
  -8.05000  2.0235011E-04
  -8.00000  2.0270033E-04
  -7.95000  2.0307789E-04
  -7.90000  2.0348343E-04
  -7.85000  2.0391755E-04
  -7.80000  2.0438087E-04
  -7.75000  2.0487403E-04
  -7.70000  2.0539785E-04
  -7.65000  2.0595307E-04
  -7.60000  2.0654048E-04
  -7.55000  2.0716093E-04
  -7.50000  2.0781531E-04
  -7.45000  2.0850462E-04
  -7.40000  2.0922988E-04
  -7.35000  2.0999213E-04
  -7.30000  2.1079240E-04
  -7.25000  2.1163198E-04
  -7.20000  2.1251208E-04
  -7.15000  2.1343394E-04
  -7.10000  2.1439906E-04
  -7.05000  2.1540891E-04
  -7.00000  2.1646504E-04
  -6.95000  2.1756913E-04
  -6.90000  2.1872293E-04
  -6.85000  2.1992809E-04
  -6.80000  2.2118671E-04
  -6.75000  2.2250073E-04
  -6.70000  2.2387246E-04
  -6.65000  2.2530421E-04
  -6.60000  2.2679841E-04
  -6.55000  2.2835761E-04
  -6.50000  2.2998462E-04
  -6.45000  2.3168233E-04
  -6.40000  2.3345365E-04
  -6.35000  2.3530190E-04
  -6.30000  2.3723080E-04
  -6.25000  2.3924406E-04
  -6.20000  2.4134569E-04
  -6.15000  2.4353987E-04
  -6.10000  2.4583096E-04
  -6.05000  2.4822395E-04
  -6.00000  2.5072382E-04
  -5.95000  2.5333602E-04
  -5.90000  2.5606651E-04
  -5.85000  2.5892174E-04
  -5.80000  2.6190854E-04
  -5.75000  2.6503427E-04
  -5.70000  2.6830663E-04
  -5.65000  2.7173399E-04
  -5.60000  2.7532553E-04
  -5.55000  2.7909105E-04
  -5.50000  2.8304129E-04
  -5.45000  2.8718729E-04
  -5.40000  2.9154168E-04
  -5.35000  2.9611795E-04
  -5.30000  3.0093083E-04
  -5.25000  3.0599639E-04
  -5.20000  3.1133183E-04
  -5.15000  3.1695592E-04
  -5.10000  3.2288909E-04
  -5.05000  3.2915464E-04
  -5.00000  3.3577683E-04
  -4.95000  3.4278360E-04
  -4.90000  3.5020486E-04
  -4.85000  3.5807342E-04
  -4.80000  3.6642667E-04
  -4.75000  3.7530532E-04
  -4.70000  3.8475469E-04
  -4.65000  3.9482595E-04
  -4.60000  4.0557576E-04
  -4.55000  4.1706724E-04
  -4.50000  4.2937283E-04
  -4.45000  4.4257357E-04
  -4.40000  4.5675960E-04
  -4.35000  4.7203647E-04
  -4.30000  4.8852250E-04
  -4.25000  5.0635351E-04
  -4.20000  5.2568699E-04
  -4.15000  5.4670417E-04
  -4.10000  5.6961349E-04
  -4.05000  5.9466265E-04
  -4.00000  6.2214086E-04
  -3.95000  6.5238989E-04
  -3.90000  6.8581668E-04
  -3.85000  7.2290898E-04
  -3.80000  7.6425407E-04
  -3.75000  8.1056985E-04
  -3.70000  8.6274184E-04
  -3.65000  9.2186409E-04
  -3.60000  9.8932229E-04
  -3.55000  1.0668761E-03
  -3.50000  1.1567990E-03
  -3.45000  1.2620748E-03
  -3.40000  1.3866921E-03
  -3.35000  1.5360909E-03
  -3.30000  1.7178708E-03
  -3.25000  1.9429419E-03
  -3.20000  2.2274822E-03
  -3.15000  2.5964239E-03
  -3.10000  3.0900350E-03
  -3.05000  3.7772545E-03
  -3.00000  4.7852378E-03
  -2.95000  6.3729253E-03
  -2.90000  9.1460380E-03
  -2.85000  1.4852461E-02
  -2.80000  3.0740736E-02
  -2.75000  1.2542351E-01
  -2.70000  8.2264676E-01
  -2.65000  3.8271248E-01
  -2.60000  2.0180967E-01
  -2.55000  4.7689932E-01
  -2.50000  4.2999086E-02
  -2.45000  3.2131105E-02
  -2.40000  1.3108566E-01
  -2.35000  1.0373101E-01
  -2.30000  8.5972795E-02
  -2.25000  3.9144746E-01
  -2.20000  4.3272644E-02
  -2.15000  5.9655108E-02
  -2.10000  8.1426525E-01
  -2.05000  1.6911161E-01
  -2.00000  5.3977840E-01
  -1.95000  3.8819923E-01
  -1.90000  4.5855733E-01
  -1.85000  1.1215052E-01
  -1.80000  5.1557957E-02
  -1.75000  1.4294072E-01
  -1.70000  1.1241586E-01
  -1.65000  1.7274619E-01
  -1.60000  1.1294256E-01
  -1.55000  4.9894865E-02
  -1.50000  6.4408175E-02
  -1.45000  1.2880723E-01
  -1.40000  1.5781020E-01
  -1.35000  2.4636217E-01
  -1.30000  4.7257236E-02
  -1.25000  2.2777143E-02
  -1.20000  8.0504204E-02
  -1.15000  4.6596309E-02
  -1.10000  1.9644561E-01
  -1.05000  2.1206294E-01
  -1.00000  4.0391007E-01
  -0.95000  5.4269423E-02
  -0.90000  1.0653857E-01
  -0.85000  4.9512397E-02
  -0.80000  6.7196424E-02
  -0.75000  1.4073432E-02
  -0.70000  2.8940210E-02
  -0.65000  9.3291693E-02
  -0.60000  1.8031360E-02
  -0.55000  3.8366883E-02
  -0.50000  4.0331301E-01
  -0.45000  4.2974706E-02
  -0.40000  2.9622125E-02
  -0.35000  1.0992579E-01
  -0.30000  2.8328611E-01
  -0.25000  1.7145654E-01
  -0.20000  1.0666525E-01
  -0.15000  1.2040343E-01
  -0.10000  2.7668174E-01
  -0.05000  3.0364474E-01
  -0.00000  1.2795694E-01
   0.05000  1.7412256E-01
   0.10000  1.5716697E-01
   0.15000  2.7641539E-02
   0.20000  1.1058448E-02
   0.25000  6.6365883E-03
   0.30000  4.7014599E-03
   0.35000  3.9878660E-03
   0.40000  6.6112532E-03
   0.45000  2.5330426E-03
   0.50000  2.0252517E-03
   0.55000  1.7316748E-03
   0.60000  1.5217719E-03
   0.65000  1.3611169E-03
   0.70000  1.2356480E-03
   0.75000  3.3763617E-05
   0.80000  6.2355825E-05
   0.85000  8.5734954E-05
   0.90000  1.0679838E-04
   0.95000  1.2547739E-04
   1.00000  1.4196602E-04
   1.05000  1.5638743E-04
   1.10000  1.6888365E-04
   1.15000  1.7962290E-04
   1.20000  1.8878661E-04
   1.25000  1.9655880E-04
   1.30000  2.0311650E-04
   1.35000  2.0862230E-04
   1.40000  2.1322393E-04
   1.45000  2.1705865E-04
   1.50000  2.2024862E-04
   1.55000  2.2290573E-04
   1.60000  2.2513339E-04
   1.65000  2.2702917E-04
   1.70000  2.2868788E-04
   1.75000  2.3020573E-04
   1.80000  2.3168337E-04
   1.85000  2.3323217E-04
   1.90000  2.3498420E-04
   1.95000  2.3720923E-04
   2.00000  2.4008090E-04
   2.05000  2.4383237E-04
   2.10000  2.4890785E-04
   2.15000  2.5599624E-04
   2.20000  2.6623643E-04
   2.25000  2.8167068E-04
   2.30000  3.0636416E-04
   2.35000  3.4970038E-04
   2.40000  4.3877116E-04
   2.45000  6.8850753E-04
   2.50000  2.2554744E-03
   2.55000  4.6481880E-02
   2.60000  2.1256418E-03
   2.65000  2.2400276E-03
   2.70000  6.7971353E-03
   2.75000  2.3648495E-01
   2.80000  1.5756476E-02
   2.85000  5.1402041E-03
   2.90000  3.5539364E-03
   2.95000  3.5389134E-03
   3.00000  4.6648437E-03
   3.05000  8.4170229E-03
   3.10000  2.5710427E-02
   3.15000  3.9179681E-01
   3.20000  6.9013760E-02
   3.25000  1.7564921E-02
   3.30000  9.9397604E-03
   3.35000  8.1954432E-03
   3.40000  8.6899178E-03
   3.45000  1.1269199E-02
   3.50000  1.7675983E-02
   3.55000  3.4680158E-02
   3.60000  9.6083934E-02
   3.65000  4.6750600E-01
   3.70000  3.6793764E-01
   3.75000  1.0581518E-01
   3.80000  6.2498110E-02
   3.85000  3.5384578E-02
   3.90000  2.9098768E-02
   3.95000  2.7978540E-02
   4.00000  2.3859046E-02
   4.05000  2.0500240E-02
   4.10000  2.4661486E-02
   4.15000  3.3523295E-02
   4.20000  4.9865122E-02
   4.25000  4.2756965E-02
   4.30000  3.6886737E-02
   4.35000  4.0881369E-02
   4.40000  4.1838238E-02
   4.45000  2.2495095E-02
   4.50000  1.8238839E-02
   4.55000  1.5768942E-02
   4.60000  1.4086724E-02
   4.65000  1.4736242E-02
   4.70000  3.1199827E-02
   4.75000  1.8391497E-02
   4.80000  1.5531938E-02
   4.85000  1.5588410E-02
   4.90000  1.6779616E-02
   4.95000  1.8944905E-02
   5.00000  2.2709488E-02
   5.05000  3.0271278E-02
   5.10000  4.4808653E-02
   5.15000  5.0004672E-02
   5.20000  5.7960752E-02
   5.25000  3.3957371E-02
   5.30000  2.6346952E-02
   5.35000  2.7737271E-02
   5.40000  3.1589134E-02
   5.45000  3.6518852E-02
   5.50000  4.1881259E-02
   5.55000  4.7062824E-02
   5.60000  5.1614040E-02
   5.65000  5.5669822E-02
   5.70000  6.0113138E-02
   5.75000  6.6141092E-02
   5.80000  7.4340431E-02
   5.85000  8.3547289E-02
   5.90000  9.0951001E-02
   5.95000  9.5487318E-02
   6.00000  9.9664625E-02
   6.05000  1.0435906E-01
   6.10000  1.0776637E-01
   6.15000  1.1174430E-01
   6.20000  1.2140734E-01
   6.25000  1.4213563E-01
   6.30000  2.0766473E-01
   6.35000  2.1301470E-01
   6.40000  1.9169641E-01
   6.45000  1.6771742E-01
   6.50000  1.4732629E-01
   6.55000  1.3203897E-01
   6.60000  1.2195963E-01
   6.65000  1.1553978E-01
   6.70000  1.0624402E-01
   6.75000  8.9017624E-02
   6.80000  6.9404197E-02
   6.85000  5.3620359E-02
   6.90000  4.2428754E-02
   6.95000  3.4288941E-02
   7.00000  2.7932171E-02
   7.05000  2.3024181E-02
   7.10000  1.9378281E-02
   7.15000  1.6666358E-02
   7.20000  1.4599581E-02
   7.25000  1.2982259E-02
   7.30000  1.1688214E-02
   7.35000  1.0634509E-02
   7.40000  9.7646244E-03
   7.45000  9.0386904E-03
   7.50000  8.4277140E-03
   7.55000  7.9100837E-03
   7.60000  7.4693382E-03
   7.65000  7.0927126E-03
   7.70000  6.7701575E-03
   7.75000  6.4936559E-03
   7.80000  6.2567313E-03
   7.85000  6.0540878E-03
   7.90000  5.8814133E-03
   7.95000  5.7350951E-03
   8.00000  5.6121387E-03
   8.05000  5.5100127E-03
   8.10000  5.4265669E-03
   8.15000  5.3599705E-03
   8.20000  5.3086663E-03
   8.25000  5.2713048E-03
   8.30000  5.2467180E-03
   8.35000  5.2338915E-03
   8.40000  5.2319319E-03
   8.45000  5.2400710E-03
   8.50000  5.2576382E-03
   8.55000  5.2840230E-03
   8.60000  5.3186772E-03
   8.65000  5.3611216E-03
   8.70000  5.4109204E-03
   8.75000  5.4676769E-03
   8.80000  5.5310408E-03
   8.85000  5.6006847E-03
   8.90000  5.6763075E-03
   8.95000  5.7576388E-03
   9.00000  5.8444188E-03
   9.05000  5.9364093E-03
   9.10000  6.0333775E-03
   9.15000  6.1351080E-03
   9.20000  6.2413994E-03
   9.25000  6.3520648E-03
   9.30000  6.4669052E-03
   9.35000  6.5857376E-03
   9.40000  6.7083848E-03
   9.45000  6.8346743E-03
   9.50000  6.9644164E-03
   9.55000  7.0972764E-03
   9.60000  7.2332868E-03
   9.65000  7.3722977E-03
   9.70000  7.5141467E-03
   9.75000  7.6586851E-03
   9.80000  7.8057674E-03
   9.85000  7.9552532E-03
   9.90000  8.1070075E-03
   9.95000  8.2609007E-03
   10.0000  8.4168102E-03
   10.1000  8.7342320E-03
   10.2000  9.0584666E-03
   10.3000  9.3888284E-03
   10.4000  9.7248383E-03
   10.5000  1.0066228E-02
   10.6000  1.0412963E-02
   10.7000  1.0765262E-02
   10.8000  1.1123591E-02
   10.9000  1.1488645E-02
   11.0000  1.1861387E-02
   11.1000  1.2223249E-02
   11.2000  1.2614863E-02
   11.3000  1.3018352E-02
   11.4000  1.3433859E-02
   11.5000  1.3866677E-02
   11.6000  1.4316767E-02
   11.7000  1.4786057E-02
   11.8000  1.5276471E-02
   11.9000  1.5789903E-02
   12.0000  1.6328178E-02
   12.1000  1.6893049E-02
   12.2000  1.7486231E-02
   12.3000  1.8109284E-02
   12.4000  1.8763656E-02
   12.5000  1.9450755E-02
   12.6000  2.0171927E-02
   12.7000  2.0928481E-02
   12.8000  2.1721723E-02
   12.9000  2.2552975E-02
   13.0000  2.3423587E-02
   13.1000  2.4335060E-02
   13.2000  2.5288859E-02
   13.3000  2.6286613E-02
   13.4000  2.7330095E-02
   13.5000  2.8424515E-02
   13.6000  2.9574865E-02
   13.7000  3.0778158E-02
   13.8000  3.2036877E-02
   13.9000  3.3353705E-02
   14.0000  3.4731525E-02
   14.1000  3.6173514E-02
   14.2000  3.7682874E-02
   14.3000  3.9263073E-02
   14.4000  4.0917788E-02
   14.5000  4.2650893E-02
   14.6000  4.4466447E-02
   14.7000  4.6368683E-02
   14.8000  4.8361989E-02
   14.9000  5.0450881E-02
   15.0000  5.2639954E-02
   15.1000  5.4933812E-02
   15.2000  5.7337156E-02
   15.3000  5.9854336E-02
   15.4000  6.2489378E-02
   15.5000  6.5245966E-02
   15.6000  6.8127220E-02
   15.7000  7.1135528E-02
   15.8000  7.4272373E-02
   15.9000  7.7538222E-02
   16.0000  8.0932351E-02
   16.1000  8.4452836E-02
   16.2000  8.8096403E-02
   16.3000  9.1858495E-02
   16.4000  9.5733450E-02
   16.5000  9.9714539E-02
   16.6000  1.0379362E-01
   16.7000  1.0796178E-01
   16.8000  1.1220932E-01
   16.9000  1.1652615E-01
   17.0000  1.2090160E-01
   17.1000  1.2532472E-01
   17.2000  1.2978520E-01
   17.3000  1.3427509E-01
   17.4000  1.3878127E-01
   17.5000  1.4329026E-01
   17.6000  1.4779267E-01
   17.7000  1.5227615E-01
   17.8000  1.5768980E-01
   17.9000  1.6213044E-01
   18.0000  1.6652676E-01
   18.1000  1.7087025E-01
   18.2000  1.7515783E-01
   18.3000  1.7938303E-01
   18.4000  1.8353304E-01
   18.5000  1.8759906E-01
   18.6000  1.9157238E-01
   18.7000  1.9544310E-01
   18.8000  1.9920056E-01
   18.9000  2.0283454E-01
   19.0000  2.0633114E-01
   19.1000  2.0967894E-01
   19.2000  2.1286795E-01
   19.3000  2.1589048E-01
   19.4000  2.1874157E-01
   19.5000  2.2142123E-01
   19.6000  2.2393252E-01
   19.7000  2.2628111E-01
   19.8000  2.2847757E-01
   19.9000  2.3053557E-01
   20.0000  2.3247120E-01
   20.1000  2.3430202E-01
   20.2000  2.3604626E-01
   20.3000  2.3772290E-01
   20.4000  2.3934936E-01
   20.5000  2.4094013E-01
   20.6000  2.4250912E-01
   20.7000  2.4406820E-01
   20.8000  2.4562740E-01
   20.9000  2.4719419E-01
   21.0000  2.4877415E-01
   21.1000  2.5037130E-01
   21.2000  2.5198813E-01
   21.3000  2.5362800E-01
   21.4000  2.5528893E-01
   21.5000  2.5697034E-01
   21.6000  2.5867111E-01
   21.7000  2.6038973E-01
   21.8000  2.6212450E-01
   21.9000  2.6387366E-01
   22.0000  2.6563545E-01
   22.1000  2.6740825E-01
   22.2000  2.6919071E-01
   22.3000  2.7098175E-01
   22.4000  2.7278209E-01
   22.5000  2.7458940E-01
   22.6000  2.7640289E-01
   22.7000  2.7822223E-01
   22.8000  2.8004736E-01
   22.9000  2.8187831E-01
   23.0000  2.8371518E-01
   23.1000  2.8555794E-01
   23.2000  2.8740633E-01
   23.3000  2.8925969E-01
   23.4000  2.9111689E-01
   23.5000  2.9297588E-01
   23.6000  2.9483317E-01
   23.7000  2.9668279E-01
   23.8000  2.9852178E-01
   23.9000  3.0034360E-01
   24.0000  3.0214079E-01
   24.1000  3.0390496E-01
   24.2000  3.0562735E-01
   24.3000  3.0729946E-01
   24.4000  3.0891252E-01
   24.5000  3.1045869E-01
   24.6000  3.1193123E-01
   24.7000  3.1332464E-01
   24.8000  3.1463464E-01
   24.9000  3.1585835E-01
   25.0000  3.1699519E-01
   25.1000  3.1804412E-01
   25.2000  3.1900447E-01
   25.3000  3.1987696E-01
   25.4000  3.2066271E-01
   25.5000  3.2136312E-01
   25.6000  3.2197969E-01
   25.7000  3.2251405E-01
   25.8000  3.2296791E-01
   25.9000  3.2334308E-01
   26.0000  3.2364155E-01
   26.1000  3.2386561E-01
   26.2000  3.2401821E-01
   26.3000  3.2410220E-01
   26.4000  3.2412103E-01
   26.5000  3.2407869E-01
   26.6000  3.2398101E-01
   26.7000  3.2383155E-01
   26.8000  3.2363512E-01
   26.9000  3.2339707E-01
   27.0000  3.2312305E-01
   27.1000  3.2281867E-01
   27.2000  3.2248892E-01
   27.3000  3.2213909E-01
   27.4000  3.2177355E-01
   27.5000  3.2139566E-01
   27.6000  3.2100820E-01
   27.7000  3.2061321E-01
   27.8000  3.2021145E-01
   27.9000  3.1980265E-01
   28.0000  3.1938538E-01
   28.1000  3.1895742E-01
   28.2000  3.1851635E-01
   28.3000  3.1805904E-01
   28.4000  3.1758137E-01
   28.5000  3.1707806E-01
   28.6000  3.1654434E-01
   28.7000  3.1597503E-01
   28.8000  3.1536559E-01
   28.9000  3.1471152E-01
   29.0000  3.1400861E-01
   29.1000  3.1325289E-01
   29.2000  3.1244093E-01
   29.3000  3.1156990E-01
   29.4000  3.1063768E-01
   29.5000  3.0964268E-01
   29.6000  3.0858424E-01
   29.7000  3.0746538E-01
   29.8000  3.0634182E-01
   29.9000  3.0515964E-01
   30.0000  3.0392124E-01
   30.1000  3.0262978E-01
   30.2000  3.0128906E-01
   30.3000  2.9990413E-01
   30.4000  2.9847925E-01
   30.5000  2.9701990E-01
   30.6000  2.9553227E-01
   30.7000  2.9402326E-01
   30.8000  2.9249996E-01
   30.9000  2.9096986E-01
   31.0000  2.8944064E-01
   31.1000  2.8792020E-01
   31.2000  2.8641646E-01
   31.3000  2.8493738E-01
   31.4000  2.8349074E-01
   31.5000  2.8208398E-01
   31.6000  2.8072428E-01
   31.7000  2.7941827E-01
   31.8000  2.7825753E-01
   31.9000  2.7707926E-01
   32.0000  2.7597228E-01
   32.1000  2.7494115E-01
   32.2000  2.7398970E-01
   32.3000  2.7312131E-01
   32.4000  2.7233880E-01
   32.5000  2.7164352E-01
   32.6000  2.7103653E-01
   32.7000  2.7051829E-01
   32.8000  2.7004653E-01
   32.9000  2.6970769E-01
   33.0000  2.6945622E-01
   33.1000  2.6929029E-01
   33.2000  2.6920833E-01
   33.3000  2.6920818E-01
   33.4000  2.6928727E-01
   33.5000  2.6944266E-01
   33.6000  2.6967104E-01
   33.7000  2.6996870E-01
   33.8000  2.7033152E-01
   33.9000  2.7075487E-01
   34.0000  2.7123359E-01
   34.1000  2.7176200E-01
   34.2000  2.7233390E-01
   34.3000  2.7294256E-01
   34.4000  2.7358077E-01
   34.5000  2.7424090E-01
   34.6000  2.7491580E-01
   34.7000  2.7559685E-01
   34.8000  2.7627677E-01
   34.9000  2.7680899E-01
   35.0000  2.7746817E-01
   35.1000  2.7810645E-01
   35.2000  2.7871908E-01
   35.3000  2.7930267E-01
   35.4000  2.7985497E-01
   35.5000  2.8037491E-01
   35.6000  2.8086265E-01
   35.7000  2.8131938E-01
   35.8000  2.8174721E-01
   35.9000  2.8214890E-01
   36.0000  2.8252765E-01
   36.1000  2.8288695E-01
   36.2000  2.8323034E-01
   36.3000  2.8356109E-01
   36.4000  2.8388207E-01
   36.5000  2.8419521E-01
   36.6000  2.8450255E-01
   36.7000  2.8480287E-01
   36.8000  2.8509591E-01
   36.9000  2.8538054E-01
   37.0000  2.8565455E-01
   37.1000  2.8591572E-01
   37.2000  2.8615931E-01
   37.3000  2.8637994E-01
   37.4000  2.8657122E-01
   37.5000  2.8672576E-01
   37.6000  2.8683752E-01
   37.7000  2.8689612E-01
   37.8000  2.8689104E-01
   37.9000  2.8681400E-01
   38.0000  2.8665374E-01
   38.1000  2.8639941E-01
   38.2000  2.8604140E-01
   38.3000  2.8557108E-01
   38.4000  2.8498340E-01
   38.5000  2.8426956E-01
   38.6000  2.8342561E-01
   38.7000  2.8244919E-01
   38.8000  2.8134001E-01
   38.9000  2.8009990E-01
   39.0000  2.7873374E-01
   39.1000  2.7724835E-01
   39.2000  2.7565002E-01
   39.3000  2.7394763E-01
   39.4000  2.7215135E-01
   39.5000  2.7027213E-01
   39.6000  2.6832143E-01
   39.7000  2.6631099E-01
   39.8000  2.6425180E-01
   39.9000  2.6215676E-01
   40.0000  2.6003376E-01
   40.1000  2.5789104E-01
   40.2000  2.5573630E-01
   40.3000  2.5357623E-01
   40.4000  2.5141633E-01
   40.5000  2.4926056E-01
   40.6000  2.4711222E-01
   40.7000  2.4497389E-01
   40.8000  2.4284730E-01
   40.9000  2.4073374E-01
   41.0000  2.3863558E-01
   41.1000  2.3655094E-01
   41.2000  2.3447991E-01
   41.3000  2.3242247E-01
   41.4000  2.3037866E-01
   41.5000  2.2834821E-01
   41.6000  2.2633166E-01
   41.7000  2.2432966E-01
   41.8000  2.2234266E-01
   41.9000  2.2037114E-01
   42.0000  2.1841587E-01
   42.1000  2.1647778E-01
   42.2000  2.1455869E-01
   42.3000  2.1266031E-01
   42.4000  2.1078162E-01
   42.5000  2.0892337E-01
   42.6000  2.0708623E-01
   42.7000  2.0527024E-01
   42.8000  2.0347537E-01
   42.9000  2.0170139E-01
   43.0000  1.9994742E-01
   43.1000  1.9821297E-01
   43.2000  1.9649729E-01
   43.3000  1.9479876E-01
   43.4000  1.9311570E-01
   43.5000  1.9144575E-01
   43.6000  1.8978764E-01
   43.7000  1.8814003E-01
   43.8000  1.8650301E-01
   43.9000  1.8487298E-01
   44.0000  1.8324883E-01
   44.1000  1.8162984E-01
   44.2000  1.8001365E-01
   44.3000  1.7840199E-01
   44.4000  1.7679622E-01
   44.5000  1.7519773E-01
   44.6000  1.7360848E-01
   44.7000  1.7203089E-01
   44.8000  1.7046781E-01
   44.9000  1.6892254E-01
   45.0000  1.6739868E-01
   45.1000  1.6589991E-01
   45.2000  1.6443024E-01
   45.3000  1.6299348E-01
   45.4000  1.6159323E-01
   45.5000  1.6023363E-01
   45.6000  1.5891807E-01
   45.7000  1.5764852E-01
   45.8000  1.5642746E-01
   45.9000  1.5525711E-01
   46.0000  1.5413924E-01
   46.1000  1.5307510E-01
   46.2000  1.5206572E-01
   46.3000  1.5111179E-01
   46.4000  1.5021364E-01
   46.5000  1.4937133E-01
   46.6000  1.4858464E-01
   46.7000  1.4785311E-01
   46.8000  1.4717605E-01
   46.9000  1.4655255E-01
   47.0000  1.4598155E-01
   47.1000  1.4546179E-01
   47.2000  1.4499182E-01
   47.3000  1.4457011E-01
   47.4000  1.4419498E-01
   47.5000  1.4386487E-01
   47.6000  1.4357837E-01
   47.7000  1.4333289E-01
   47.8000  1.4312660E-01
   47.9000  1.4295761E-01
   48.0000  1.4282406E-01
   48.1000  1.4272417E-01
   48.2000  1.4265627E-01
   48.3000  1.4261876E-01
   48.4000  1.4261020E-01
   48.5000  1.4262933E-01
   48.6000  1.4267496E-01
   48.7000  1.4274605E-01
   48.8000  1.4284204E-01
   48.9000  1.4296150E-01
   49.0000  1.4310409E-01
   49.1000  1.4326930E-01
   49.2000  1.4345666E-01
   49.3000  1.4366579E-01
   49.4000  1.4389642E-01
   49.5000  1.4414823E-01
   49.6000  1.4442123E-01
   49.7000  1.4471570E-01
   49.8000  1.4503047E-01
   49.9000  1.4536547E-01
   50.0000  1.4572006E-01
