Filout
run_19

Range
-20 1 -10 0.05 10 0.1 50

Radius
5.0

Edge
K

Z_absorber
22

Green
Quadrupole
SCF

Crystal
8.88288353 10.66477464 2.96844593 90.0 90.0 90.0
22 0.050507 0.118044 0.75
22 0.088988 0.600473 0.75
22 0.411012 0.100473 0.25
22 0.449493 0.618044 0.25
22 0.550507 0.381956 0.75
22 0.588988 0.899527 0.75
22 0.911012 0.399527 0.25
22 0.949493 0.881956 0.25
8 0.027419 0.715099 0.25
8 0.075528 0.928098 0.75
8 0.113117 0.486893 0.25
8 0.200497 0.140357 0.25
8 0.299503 0.640357 0.75
8 0.386883 0.986893 0.75
8 0.424472 0.428098 0.25
8 0.472582 0.215099 0.75
8 0.527419 0.784901 0.25
8 0.575528 0.571902 0.75
8 0.613117 0.013107 0.25
8 0.700497 0.359643 0.25
8 0.799503 0.859643 0.75
8 0.886883 0.513107 0.75
8 0.924472 0.071902 0.25
8 0.972581 0.284901 0.75

Convolution
End