    Energy    <xanes>    
  -20.0000  1.5430874E-03
  -19.7366  1.5631532E-03
  -19.2366  1.6020617E-03
  -18.2366  1.6854539E-03
  -17.2366  1.7771575E-03
  -16.2366  1.8786013E-03
  -15.2366  1.9915991E-03
  -14.2366  2.1184981E-03
  -13.2366  2.2624025E-03
  -12.2366  2.4275238E-03
  -11.2366  2.6197455E-03
  -10.2366  2.8475762E-03
  -9.23660  3.1207595E-03
  -9.18660  3.1361048E-03
  -9.13660  3.1516208E-03
  -9.08660  3.1673107E-03
  -9.03660  3.1831779E-03
  -8.98660  3.1992257E-03
  -8.93660  3.2154574E-03
  -8.88660  3.2318768E-03
  -8.83660  3.2484874E-03
  -8.78660  3.2652930E-03
  -8.73660  3.2822974E-03
  -8.68660  3.2995046E-03
  -8.63660  3.3169186E-03
  -8.58660  3.3345436E-03
  -8.53660  3.3523838E-03
  -8.48660  3.3704437E-03
  -8.43660  3.3887278E-03
  -8.38660  3.4072407E-03
  -8.33660  3.4259872E-03
  -8.28660  3.4449722E-03
  -8.23660  3.4642009E-03
  -8.18660  3.4836783E-03
  -8.13660  3.5034098E-03
  -8.08660  3.5234010E-03
  -8.03660  3.5436576E-03
  -7.98660  3.5641853E-03
  -7.93660  3.5849902E-03
  -7.88660  3.6060785E-03
  -7.83660  3.6274565E-03
  -7.78660  3.6491310E-03
  -7.73660  3.6711086E-03
  -7.68660  3.6933964E-03
  -7.63660  3.7160015E-03
  -7.58660  3.7389314E-03
  -7.53660  3.7621938E-03
  -7.48660  3.7857967E-03
  -7.43660  3.8097481E-03
  -7.38660  3.8340566E-03
  -7.33660  3.8587308E-03
  -7.28660  3.8837798E-03
  -7.23660  3.9092129E-03
  -7.18660  3.9350396E-03
  -7.13660  3.9612700E-03
  -7.08660  3.9879142E-03
  -7.03660  4.0149830E-03
  -6.98660  4.0424874E-03
  -6.93660  4.0704386E-03
  -6.88660  4.0988485E-03
  -6.83660  4.1277292E-03
  -6.78660  4.1570934E-03
  -6.73660  4.1869542E-03
  -6.68660  4.2173251E-03
  -6.63660  4.2482201E-03
  -6.58660  4.2796538E-03
  -6.53660  4.3116413E-03
  -6.48660  4.3441982E-03
  -6.43660  4.3773408E-03
  -6.38660  4.4110860E-03
  -6.33660  4.4454512E-03
  -6.28660  4.4804546E-03
  -6.23660  4.5161152E-03
  -6.18660  4.5524526E-03
  -6.13660  4.5894871E-03
  -6.08660  4.6272400E-03
  -6.03660  4.6657334E-03
  -5.98660  4.7049903E-03
  -5.93660  4.7450346E-03
  -5.88660  4.7858911E-03
  -5.83660  4.8275860E-03
  -5.78660  4.8701461E-03
  -5.73660  4.9135998E-03
  -5.68660  4.9579764E-03
  -5.63660  5.0033066E-03
  -5.58660  5.0496225E-03
  -5.53660  5.0969575E-03
  -5.48660  5.1453466E-03
  -5.43660  5.1948262E-03
  -5.38660  5.2454347E-03
  -5.33660  5.2972119E-03
  -5.28660  5.3501996E-03
  -5.23660  5.4044416E-03
  -5.18660  5.4599836E-03
  -5.13660  5.5168739E-03
  -5.08660  5.5751626E-03
  -5.03660  5.6349027E-03
  -4.98660  5.6961495E-03
  -4.93660  5.7589612E-03
  -4.88660  5.8233990E-03
  -4.83660  5.8895272E-03
  -4.78660  5.9574132E-03
  -4.73660  6.0271282E-03
  -4.68660  6.0987471E-03
  -4.63660  6.1723487E-03
  -4.58660  6.2480160E-03
  -4.53660  6.3258368E-03
  -4.48660  6.4059035E-03
  -4.43660  6.4883137E-03
  -4.38660  6.5731707E-03
  -4.33660  6.6605835E-03
  -4.28660  6.7506676E-03
  -4.23660  6.8435451E-03
  -4.18660  6.9393455E-03
  -4.13660  7.0382060E-03
  -4.08660  7.1402722E-03
  -4.03660  7.2456988E-03
  -3.98660  7.3546501E-03
  -3.93660  7.4673007E-03
  -3.88660  7.5838365E-03
  -3.83660  7.7044557E-03
  -3.78660  7.8293692E-03
  -3.73660  7.9588025E-03
  -3.68660  8.0929961E-03
  -3.63660  8.2322071E-03
  -3.58660  8.3767106E-03
  -3.53660  8.5268014E-03
  -3.48660  8.6827952E-03
  -3.43660  8.8450312E-03
  -3.38660  9.0138734E-03
  -3.33660  9.1897134E-03
  -3.28660  9.3729729E-03
  -3.23660  9.5641063E-03
  -3.18660  9.7636041E-03
  -3.13660  9.9719960E-03
  -3.08660  1.0189855E-02
  -3.03660  1.0417803E-02
  -2.98660  1.0656512E-02
  -2.93660  1.0906714E-02
  -2.88660  1.1169205E-02
  -2.83660  1.1444850E-02
  -2.78660  1.1734597E-02
  -2.73660  1.2039476E-02
  -2.68660  1.2360620E-02
  -2.63660  1.2699266E-02
  -2.58660  1.3056776E-02
  -2.53660  1.3434646E-02
  -2.48660  1.3834526E-02
  -2.43660  1.4258237E-02
  -2.38660  1.4707794E-02
  -2.33660  1.5185431E-02
  -2.28660  1.5693630E-02
  -2.23660  1.6235153E-02
  -2.18660  1.6813082E-02
  -2.13660  1.7430865E-02
  -2.08660  1.8092365E-02
  -2.03660  1.8801924E-02
  -1.98660  1.9564432E-02
  -1.93660  2.0385411E-02
  -1.88660  2.1271113E-02
  -1.83660  2.2228634E-02
  -1.78660  2.3266046E-02
  -1.73660  2.4392560E-02
  -1.68660  2.5618709E-02
  -1.63660  2.6956563E-02
  -1.58660  2.8419987E-02
  -1.53660  3.0024937E-02
  -1.48660  3.1789794E-02
  -1.43660  3.3735758E-02
  -1.38660  3.5887268E-02
  -1.33660  3.8272466E-02
  -1.28660  4.0923658E-02
  -1.23660  4.3877726E-02
  -1.18660  4.7176410E-02
  -1.13660  5.0866298E-02
  -1.08660  5.4998303E-02
  -1.03660  5.9626283E-02
  -0.98660  6.4804346E-02
  -0.93660  7.0582299E-02
  -0.88660  7.6998719E-02
  -0.83660  8.4071436E-02
  -0.78660  9.1785887E-02
  -0.73660  1.0008289E-01
  -0.68660  1.0884847E-01
  -0.63660  1.1790888E-01
  -0.58660  1.2703285E-01
  -0.53660  1.3594419E-01
  -0.48660  1.4434583E-01
  -0.43660  1.5195129E-01
  -0.38660  1.5852464E-01
  -0.33660  1.6392217E-01
  -0.28660  1.6812385E-01
  -0.23660  1.7124083E-01
  -0.18660  1.7349321E-01
  -0.13660  1.7516357E-01
  -0.08660  1.7653963E-01
  -0.03660  1.7785943E-01
   0.01340  1.7926853E-01
   0.06340  1.8079593E-01
   0.11340  1.8235229E-01
   0.16340  1.8375040E-01
   0.21340  1.8474460E-01
   0.26340  1.8508531E-01
   0.31340  1.8456751E-01
   0.36340  1.8306424E-01
   0.41340  1.8053686E-01
   0.46340  1.7702311E-01
   0.51340  1.7261178E-01
   0.56340  1.6741537E-01
   0.61340  1.6155011E-01
   0.66340  1.5512716E-01
   0.71340  1.4825265E-01
   0.76340  1.4103081E-01
   0.81340  1.3356544E-01
   0.86340  1.2595900E-01
   0.91340  1.1831161E-01
   0.96340  1.1072185E-01
   1.01340  1.0328801E-01
   1.06340  9.6106844E-02
   1.11340  8.9268089E-02
   1.16340  8.2846441E-02
   1.21340  7.6894709E-02
   1.26340  7.1440929E-02
   1.31340  6.6489920E-02
   1.36340  6.2027875E-02
   1.41340  5.8028088E-02
   1.46340  5.4456326E-02
   1.51340  5.1275088E-02
   1.56340  4.8446594E-02
   1.61340  4.5934654E-02
   1.66340  4.3705714E-02
   1.71340  4.1729349E-02
   1.76340  3.9978405E-02
   1.81340  3.8428938E-02
   1.86340  3.7060056E-02
   1.91340  3.5853723E-02
   1.96340  3.4794572E-02
   2.01340  3.3869751E-02
   2.06340  3.3068777E-02
   2.11340  3.2383369E-02
   2.16340  3.1807217E-02
   2.21340  3.1335672E-02
   2.26340  3.0965369E-02
   2.31340  3.0693816E-02
   2.36340  3.0518942E-02
   2.41340  3.0438632E-02
   2.46340  3.0450222E-02
   2.51340  3.0549973E-02
   2.56340  3.0732615E-02
   2.61340  3.0991087E-02
   2.66340  3.1316721E-02
   2.71340  3.1700000E-02
   2.76340  3.2131917E-02
   2.81340  3.2605655E-02
   2.86340  3.3118117E-02
   2.91340  3.3670810E-02
   2.96340  3.4269726E-02
   3.01340  3.4924270E-02
   3.06340  3.5645555E-02
   3.11340  3.6444606E-02
   3.16340  3.7330904E-02
   3.21340  3.8311462E-02
   3.26340  3.9390357E-02
   3.31340  4.0568521E-02
   3.36340  4.1843632E-02
   3.41340  4.3210071E-02
   3.46340  4.4659009E-02
   3.51340  4.6178697E-02
   3.56340  4.7755024E-02
   3.61340  4.9372308E-02
   3.66340  5.1014310E-02
   3.71340  5.2665469E-02
   3.76340  5.4312439E-02
   3.81340  5.5945888E-02
   3.86340  5.7562365E-02
   3.91340  5.9165686E-02
   3.96340  6.0767179E-02
   4.01340  6.2384218E-02
   4.06340  6.4036906E-02
   4.11340  6.5743215E-02
   4.16340  6.7513334E-02
   4.21340  6.9344106E-02
   4.26340  7.1214545E-02
   4.31340  7.3083420E-02
   4.36340  7.4889894E-02
   4.41340  7.6558009E-02
   4.46340  7.8005103E-02
   4.51340  7.9153120E-02
   4.56340  7.9940483E-02
   4.61340  8.0331622E-02
   4.66340  8.0321743E-02
   4.71340  7.9936057E-02
   4.76340  7.9224419E-02
   4.81340  7.8253383E-02
   4.86340  7.7097634E-02
   4.91340  7.5832155E-02
   4.96340  7.4525761E-02
   5.01340  7.3236263E-02
   5.06340  7.2007331E-02
   5.11340  7.0867077E-02
   5.16340  6.9828257E-02
   5.21340  6.8889884E-02
   5.26340  6.8039976E-02
   5.31340  6.7259104E-02
   5.36340  6.6524351E-02
   5.41340  6.5813203E-02
   5.46340  6.5106827E-02
   5.51340  6.4392255E-02
   5.56340  6.3663209E-02
   5.61340  6.2919582E-02
   5.66340  6.2165932E-02
   5.71340  6.1409461E-02
   5.76340  6.0657999E-02
   5.81340  5.9918335E-02
   5.86340  5.9195087E-02
   5.91340  5.8490129E-02
   5.96340  5.7802490E-02
   6.01340  5.7128586E-02
   6.06340  5.6462674E-02
   6.11340  5.5797435E-02
   6.16340  5.5124647E-02
   6.21340  5.4435927E-02
   6.26340  5.3723510E-02
   6.31340  5.2981020E-02
   6.36340  5.2204153E-02
   6.41340  5.1391175E-02
   6.46340  5.0543149E-02
   6.51340  4.9663858E-02
   6.56340  4.8759426E-02
   6.61340  4.7837714E-02
   6.66340  4.6907588E-02
   6.71340  4.5978170E-02
   6.76340  4.5058179E-02
   6.81340  4.4155410E-02
   6.86340  4.3276391E-02
   6.91340  4.2426213E-02
   6.96340  4.1608502E-02
   7.01340  4.0825526E-02
   7.06340  4.0078384E-02
   7.11340  3.9367253E-02
   7.16340  3.8691679E-02
   7.21340  3.8050850E-02
   7.26340  3.7443857E-02
   7.31340  3.6869884E-02
   7.36340  3.6328336E-02
   7.41340  3.5818888E-02
   7.46340  3.5341463E-02
   7.51340  3.4896168E-02
   7.56340  3.4483199E-02
   7.61340  3.4102754E-02
   7.66340  3.3754946E-02
   7.71340  3.3439751E-02
   7.76340  3.3156978E-02
   7.81340  3.2906260E-02
   7.86340  3.2687068E-02
   7.91340  3.2498731E-02
   7.96340  3.2340466E-02
   8.01340  3.2211410E-02
   8.06340  3.2110644E-02
   8.11340  3.2037225E-02
   8.16340  3.1990206E-02
   8.21340  3.1968651E-02
   8.26340  3.1971652E-02
   8.31340  3.1998340E-02
   8.36340  3.2047887E-02
   8.41340  3.2119516E-02
   8.46340  3.2212501E-02
   8.51340  3.2326169E-02
   8.56340  3.2459895E-02
   8.61340  3.2613107E-02
   8.66340  3.2785279E-02
   8.71340  3.2975928E-02
   8.76340  3.3184616E-02
   8.81340  3.3410938E-02
   8.86340  3.3654526E-02
   8.91340  3.3915038E-02
   8.96340  3.4192161E-02
   9.01340  3.4485601E-02
   9.06340  3.4795082E-02
   9.11340  3.5120341E-02
   9.16340  3.5461124E-02
   9.21340  3.5817179E-02
   9.26340  3.6188259E-02
   9.31340  3.6574111E-02
   9.36340  3.6974477E-02
   9.41340  3.7389091E-02
   9.46340  3.7817675E-02
   9.51340  3.8259941E-02
   9.56340  3.8715591E-02
   9.61340  3.9184316E-02
   9.66340  3.9665801E-02
   9.71340  4.0159732E-02
   9.76340  4.0665794E-02
   9.81340  4.1183687E-02
   9.86340  4.1713127E-02
   9.91340  4.2253862E-02
   9.96340  4.2805672E-02
   10.0134  4.3369437E-02
   10.0634  4.3944758E-02
   10.1134  4.4527219E-02
   10.1634  4.5124093E-02
   10.2134  4.5728049E-02
   10.2634  4.6346814E-02
   10.3134  4.6972875E-02
   10.3634  4.7614441E-02
   10.4134  4.8263783E-02
   10.4634  4.8929601E-02
   10.5134  4.9603901E-02
   10.5634  5.0295870E-02
   10.6134  5.0997201E-02
   10.6634  5.1717559E-02
   10.7134  5.2448272E-02
   10.7634  5.3199472E-02
   10.8634  5.4746681E-02
   10.9634  5.6364350E-02
   11.0634  5.8057607E-02
   11.1634  5.9831463E-02
   11.2634  6.1690776E-02
   11.3634  6.3640231E-02
   11.4634  6.5684342E-02
   11.5634  6.7827458E-02
   11.6634  7.0073757E-02
   11.7634  7.2427245E-02
   11.8634  7.4891741E-02
   11.9634  7.7470847E-02
   12.0634  8.0167916E-02
   12.1634  8.2986008E-02
   12.2634  8.5927832E-02
   12.3634  8.8995695E-02
   12.4634  9.2191439E-02
   12.5634  9.5516384E-02
   12.6634  9.8971277E-02
   12.7634  1.0255624E-01
   12.8634  1.0627076E-01
   12.9634  1.1011362E-01
   13.0634  1.1408296E-01
   13.1634  1.1817624E-01
   13.2634  1.2239029E-01
   13.3634  1.2672136E-01
   13.4634  1.3116515E-01
   13.5634  1.3571690E-01
   13.6634  1.4037144E-01
   13.7634  1.4512324E-01
   13.8634  1.4996651E-01
   13.9634  1.5489527E-01
   14.0634  1.5990340E-01
   14.1634  1.6498475E-01
   14.2634  1.7013325E-01
   14.3634  1.7534298E-01
   14.4634  1.8060835E-01
   14.5634  1.8592415E-01
   14.6634  1.9128574E-01
   14.7634  1.9668911E-01
   14.8634  2.0213096E-01
   14.9634  2.0760877E-01
   15.0634  2.1312075E-01
   15.1634  2.1866583E-01
   15.2634  2.2424358E-01
   15.3634  2.2985406E-01
   15.4634  2.3549772E-01
   15.5634  2.4117521E-01
   15.6634  2.4688727E-01
   15.7634  2.5263459E-01
   15.8634  2.5841764E-01
   15.9634  2.6423661E-01
   16.0634  2.7009132E-01
   16.1634  2.7598117E-01
   16.2634  2.8190507E-01
   16.3634  2.8786149E-01
   16.4634  2.9384841E-01
   16.5634  2.9986341E-01
   16.6634  3.0590365E-01
   16.7634  3.1196596E-01
   16.8634  3.1804686E-01
   16.9634  3.2414268E-01
   17.0634  3.3024956E-01
   17.1634  3.3636354E-01
   17.2634  3.4248058E-01
   17.3634  3.4859665E-01
   17.4634  3.5470770E-01
   17.5634  3.6080973E-01
   17.6634  3.6689874E-01
   17.7634  3.7297077E-01
   17.8634  3.7902182E-01
   17.9634  3.8504789E-01
   18.0634  3.9104490E-01
   18.1634  3.9700866E-01
   18.2634  4.0293489E-01
   18.3634  4.0881915E-01
   18.4634  4.1465685E-01
   18.5634  4.2044329E-01
   18.6634  4.2617363E-01
   18.7634  4.3184298E-01
   18.8634  4.3744642E-01
   18.9634  4.4297907E-01
   19.0634  4.4843617E-01
   19.1634  4.5381315E-01
   19.2634  4.5910572E-01
   19.3634  4.6430992E-01
   19.4634  4.6942222E-01
   19.5634  4.7443958E-01
   19.6634  4.7935947E-01
   19.7634  4.8417991E-01
   19.8634  4.8889952E-01
   19.9634  4.9351749E-01
   20.0634  4.9803359E-01
   20.1634  5.0244810E-01
   20.2634  5.0676184E-01
   20.3634  5.1097604E-01
   20.4634  5.1509230E-01
   20.5634  5.1911254E-01
   20.6634  5.2303890E-01
   20.7634  5.2687364E-01
   20.8634  5.3061909E-01
   20.9634  5.3427754E-01
   21.0634  5.3785118E-01
   21.1634  5.4134199E-01
   21.2634  5.4475173E-01
   21.3634  5.4808182E-01
   21.4634  5.5133332E-01
   21.5634  5.5450690E-01
   21.6634  5.5760276E-01
   21.7634  5.6062069E-01
   21.8634  5.6355999E-01
   21.9634  5.6641951E-01
   22.0634  5.6919764E-01
   22.1634  5.7189236E-01
   22.2634  5.7450124E-01
   22.3634  5.7702149E-01
   22.4634  5.7945001E-01
   22.5634  5.8178341E-01
   22.6634  5.8401809E-01
   22.7634  5.8615027E-01
   22.8634  5.8817607E-01
   22.9634  5.9009154E-01
   23.0634  5.9189271E-01
   23.1634  5.9357570E-01
   23.2634  5.9513669E-01
   23.3634  5.9657201E-01
   23.4634  5.9787822E-01
   23.5634  5.9905206E-01
   23.6634  6.0009058E-01
   23.7634  6.0099112E-01
   23.8634  6.0175134E-01
   23.9634  6.0236927E-01
   24.0634  6.0284332E-01
   24.1634  6.0317226E-01
   24.2634  6.0335530E-01
   24.3634  6.0339202E-01
   24.4634  6.0328243E-01
   24.5634  6.0302694E-01
   24.6634  6.0262639E-01
   24.7634  6.0208200E-01
   24.8634  6.0139538E-01
   24.9634  6.0056853E-01
   25.0634  5.9960381E-01
   25.1634  5.9850396E-01
   25.2634  5.9727202E-01
   25.3634  5.9591139E-01
   25.4634  5.9442575E-01
   25.5634  5.9281906E-01
   25.6634  5.9109555E-01
   25.7634  5.8925971E-01
   25.8634  5.8731623E-01
   25.9634  5.8527001E-01
   26.0634  5.8312612E-01
   26.1634  5.8088979E-01
   26.2634  5.7856638E-01
   26.3634  5.7616136E-01
   26.4634  5.7368029E-01
   26.5634  5.7112878E-01
   26.6634  5.6851249E-01
   26.7634  5.6583709E-01
   26.8634  5.6310824E-01
   26.9634  5.6033159E-01
   27.0634  5.5751271E-01
   27.1634  5.5465713E-01
   27.2634  5.5177027E-01
   27.3634  5.4885746E-01
   27.4634  5.4592388E-01
   27.5634  5.4297461E-01
   27.6634  5.4001453E-01
   27.7634  5.3704838E-01
   27.8634  5.3408073E-01
   27.9634  5.3111594E-01
   28.0634  5.2815819E-01
   28.1634  5.2521146E-01
   28.2634  5.2227951E-01
   28.3634  5.1936592E-01
   28.4634  5.1647403E-01
   28.5634  5.1360698E-01
   28.6634  5.1076772E-01
   28.7634  5.0795897E-01
   28.8634  5.0518325E-01
   28.9634  5.0244288E-01
   29.0634  4.9973999E-01
   29.1634  4.9707653E-01
   29.2634  4.9445424E-01
   29.3634  4.9187470E-01
   29.4634  4.8933932E-01
   29.5634  4.8684933E-01
   29.6634  4.8440583E-01
   29.7634  4.8200973E-01
   29.8634  4.7966184E-01
   29.9634  4.7736280E-01
   30.0634  4.7511313E-01
   30.1634  4.7291324E-01
   30.2634  4.7076340E-01
   30.3634  4.6866378E-01
   30.4634  4.6661445E-01
   30.5634  4.6461538E-01
   30.6634  4.6266643E-01
   30.7634  4.6076739E-01
   30.8634  4.5891795E-01
   30.9634  4.5711773E-01
   31.0634  4.5536627E-01
   31.1634  4.5366304E-01
   31.2634  4.5200744E-01
   31.3634  4.5039882E-01
   31.4634  4.4883643E-01
   31.5634  4.4731951E-01
   31.6634  4.4584721E-01
   31.7634  4.4441865E-01
   31.8634  4.4303289E-01
   31.9634  4.4168895E-01
   32.0634  4.4038580E-01
   32.1634  4.3912238E-01
   32.2634  4.3789757E-01
   32.3634  4.3671023E-01
   32.4634  4.3555920E-01
   32.5634  4.3444326E-01
   32.6634  4.3336117E-01
   32.7634  4.3231168E-01
   32.8634  4.3129350E-01
   32.9634  4.3030532E-01
   33.0634  4.2934581E-01
   33.1634  4.2841364E-01
   33.2634  4.2750743E-01
   33.3634  4.2662582E-01
   33.4634  4.2576742E-01
   33.5634  4.2493085E-01
   33.6634  4.2411471E-01
   33.7634  4.2331761E-01
   33.8634  4.2253813E-01
   33.9634  4.2177488E-01
   34.0634  4.2102647E-01
   34.1634  4.2029150E-01
   34.2634  4.1956858E-01
   34.3634  4.1885635E-01
   34.4634  4.1815344E-01
   34.5634  4.1745849E-01
   34.6634  4.1677017E-01
   34.7634  4.1608716E-01
   34.8634  4.1540815E-01
   34.9634  4.1473187E-01
   35.0634  4.1405706E-01
   35.1634  4.1338246E-01
   35.2634  4.1270689E-01
   35.3634  4.1202913E-01
   35.4634  4.1134805E-01
   35.5634  4.1066250E-01
   35.6634  4.0997140E-01
   35.7634  4.0927366E-01
   35.8634  4.0856825E-01
   35.9634  4.0785419E-01
   36.0634  4.0713049E-01
   36.1634  4.0639623E-01
   36.2634  4.0565052E-01
   36.3634  4.0489250E-01
   36.4634  4.0412137E-01
   36.5634  4.0333635E-01
   36.6634  4.0253671E-01
   36.7634  4.0172176E-01
   36.8634  4.0089085E-01
   36.9634  4.0004339E-01
   37.0634  3.9917882E-01
   37.1634  3.9829663E-01
   37.2634  3.9739634E-01
   37.3634  3.9647754E-01
   37.4634  3.9553986E-01
   37.5634  3.9458296E-01
   37.6634  3.9360657E-01
   37.7634  3.9261046E-01
   37.8634  3.9159443E-01
   37.9634  3.9055835E-01
   38.0634  3.8950211E-01
   38.1634  3.8842568E-01
   38.2634  3.8732904E-01
   38.3634  3.8621224E-01
   38.4634  3.8507536E-01
   38.5634  3.8391852E-01
   38.6634  3.8274191E-01
   38.7634  3.8154572E-01
   38.8634  3.8033021E-01
   38.9634  3.7909566E-01
   39.0634  3.7784241E-01
   39.1634  3.7657080E-01
   39.2634  3.7528124E-01
   39.3634  3.7397416E-01
   39.4634  3.7265002E-01
   39.5634  3.7130929E-01
   39.6634  3.6995252E-01
   39.7634  3.6858023E-01
   39.8634  3.6719300E-01
   39.9634  3.6579142E-01
   40.0634  3.6437611E-01
   40.1634  3.6294770E-01
   40.2634  3.6150685E-01
   40.3634  3.6005422E-01
   40.4634  3.5859051E-01
   40.5634  3.5711641E-01
   40.6634  3.5563263E-01
   40.7634  3.5413990E-01
   40.8634  3.5263894E-01
   40.9634  3.5113051E-01
   41.0634  3.4961535E-01
   41.1634  3.4809420E-01
   41.2634  3.4656783E-01
   41.3634  3.4503699E-01
   41.4634  3.4350244E-01
   41.5634  3.4196494E-01
   41.6634  3.4042525E-01
   41.7634  3.3888412E-01
   41.8634  3.3734230E-01
   41.9634  3.3580054E-01
   42.0634  3.3425957E-01
   42.1634  3.3272013E-01
   42.2634  3.3118294E-01
   42.3634  3.2964871E-01
   42.4634  3.2811814E-01
   42.5634  3.2659193E-01
   42.6634  3.2507075E-01
   42.7634  3.2355526E-01
   42.8634  3.2204612E-01
   42.9634  3.2054396E-01
   43.0634  3.1904939E-01
   43.1634  3.1756302E-01
   43.2634  3.1608542E-01
   43.3634  3.1461717E-01
   43.4634  3.1315880E-01
   43.5634  3.1171084E-01
   43.6634  3.1027380E-01
   43.7634  3.0884817E-01
   43.8634  3.0743439E-01
   43.9634  3.0603292E-01
   44.0634  3.0464418E-01
   44.1634  3.0326856E-01
   44.2634  3.0190645E-01
   44.3634  3.0055819E-01
   44.4634  2.9922412E-01
   44.5634  2.9790454E-01
   44.6634  2.9659975E-01
   44.7634  2.9531001E-01
   44.8634  2.9403556E-01
   44.9634  2.9277663E-01
   45.0634  2.9153341E-01
   45.1634  2.9030608E-01
   45.2634  2.8909480E-01
   45.3634  2.8789970E-01
   45.4634  2.8672090E-01
   45.5634  2.8555849E-01
   45.6634  2.8441255E-01
   45.7634  2.8328314E-01
   45.8634  2.8217030E-01
   45.9634  2.8107404E-01
   46.0634  2.7999436E-01
   46.1634  2.7893126E-01
   46.2634  2.7788469E-01
   46.3634  2.7685463E-01
   46.4634  2.7584099E-01
   46.5634  2.7484371E-01
   46.6634  2.7386269E-01
   46.7634  2.7289784E-01
   46.8634  2.7194903E-01
   46.9634  2.7101615E-01
   47.0634  2.7009904E-01
   47.1634  2.6919758E-01
   47.2634  2.6831158E-01
   47.3634  2.6744090E-01
   47.4634  2.6658534E-01
   47.5634  2.6574474E-01
   47.6634  2.6491890E-01
   47.7634  2.6410763E-01
   47.8634  2.6331072E-01
   47.9634  2.6252796E-01
   48.0634  2.6175915E-01
   48.1634  2.6100408E-01
   48.2634  2.6026252E-01
   48.3634  2.5953425E-01
   48.4634  2.5881905E-01
   48.5634  2.5811670E-01
   48.6634  2.5742696E-01
   48.7634  2.5674962E-01
   48.8634  2.5608445E-01
   48.9634  2.5543122E-01
   49.0634  2.5478970E-01
   49.1634  2.5415967E-01
   49.2634  2.5354090E-01
   49.3634  2.5293317E-01
   49.4634  2.5233626E-01
   49.5634  2.5174995E-01
   49.6634  2.5117402E-01
   49.7634  2.5060826E-01
   49.8634  2.5005245E-01
   49.9634  2.4950638E-01
