Filout
run_2

Range
-20 1 -10 0.05 10 0.1 50

Radius
5.0

Edge
K

Z_absorber
22

Green
Quadrupole
SCF

Crystal
4.54425708 5.51788923 14.8964619 90.0 90.0 90.0
22 0.00034 0.357752 0.083984
22 0.0 0.040418 0.25
22 0.99966 0.357752 0.416016
22 0.0 0.959582 0.75
22 0.00034 0.642248 0.583984
22 0.99966 0.642248 0.916016
22 0.49966 0.142248 0.583984
22 0.5 0.540418 0.25
22 0.5 0.459582 0.75
22 0.50034 0.142248 0.916016
22 0.50034 0.857752 0.416016
22 0.49966 0.857752 0.083984
8 0.20858 0.630484 0.029915
8 0.20858 0.369516 0.529915
8 0.274442 0.165743 0.695555
8 0.274442 0.834257 0.195555
8 0.215011 0.087792 0.362582
8 0.215011 0.912208 0.862582
8 0.284989 0.587792 0.362582
8 0.284989 0.412208 0.862582
8 0.225558 0.334257 0.195555
8 0.225558 0.665743 0.695555
8 0.29142 0.869516 0.529915
8 0.29142 0.130484 0.029915
8 0.70858 0.130484 0.470085
8 0.70858 0.869516 0.970085
8 0.774442 0.334257 0.304445
8 0.774442 0.665743 0.804445
8 0.715011 0.587792 0.137418
8 0.715011 0.412208 0.637418
8 0.784989 0.087792 0.137418
8 0.784989 0.912208 0.637418
8 0.725558 0.165743 0.804445
8 0.725558 0.834257 0.304445
8 0.79142 0.369516 0.970085
8 0.79142 0.630484 0.470085

Convolution
End