Filout
run_5

Range
-20 1 -10 0.05 10 0.1 50

Radius
5.0

Edge
K

Z_absorber
22

Green
Quadrupole
SCF

Crystal
5.5184678342240066 5.518467834224006 5.5184678342240066 114.80072089229137 106.87444289113802 106.87358974575407
22 0.504755 0.754755 0.75
22 0.495245 0.245245 0.25
22 0.0 0.0 0.5
22 1.0 0.5 1.0
8 0.304919 0.30477 0.499851
8 0.195484 0.250383 0.945101
8 0.304919 0.805068 0.000149
8 0.805282 0.250383 0.554899
8 0.194718 0.749617 0.445101
8 0.804516 0.749617 0.054899
8 0.695081 0.194932 0.999851
8 0.695081 0.69523 0.500149

Convolution
End