Filout
run_4

Range
-20 1 -10 0.05 10 0.1 50

Radius
5.0

Edge
K

Z_absorber
22

Green
Quadrupole
SCF

Crystal
3.016806 9.596446 11.047821 90.0 90.0 90.0
22 0.75 0.51751 0.868332
22 0.25 0.73613 0.655443
22 0.75 0.76387 0.155443
22 0.25 0.98249 0.368332
22 0.75 0.01751 0.631668
22 0.25 0.23613 0.844557
22 0.75 0.26387 0.344557
22 0.25 0.48249 0.131668
8 0.75 0.595266 0.044352
8 0.25 0.624973 0.811051
8 0.25 0.633196 0.23121
8 0.75 0.650882 0.594154
8 0.25 0.849118 0.094154
8 0.75 0.866804 0.73121
8 0.75 0.875027 0.311051
8 0.25 0.904734 0.544352
8 0.75 0.095266 0.455648
8 0.25 0.124973 0.688949
8 0.25 0.133196 0.26879
8 0.75 0.150882 0.905846
8 0.25 0.349118 0.405846
8 0.75 0.366804 0.76879
8 0.75 0.375027 0.188949
8 0.25 0.404734 0.955648

Convolution
End