Filout
run_17

Range
-20 1 -10 0.05 10 0.1 50

Radius
5.0

Edge
K

Z_absorber
22

Green
Quadrupole
SCF

Crystal
5.72007379 8.71132655 3.70675392 90.0 90.0 90.0
22 0.17085 0.631758 0.500013
22 0.32915 0.368242 1.3e-05
22 0.67085 0.868242 0.499987
22 0.82915 0.131758 0.999987
8 0.157955 0.567996 0.999876
8 0.370185 0.786909 0.500862
8 0.129814 0.213091 0.000862
8 0.342045 0.432004 0.499876
8 0.657955 0.932004 0.000124
8 0.870186 0.713091 0.499138
8 0.629814 0.286909 0.999138
8 0.842045 0.067996 0.500124

Convolution
End