  4966.000   22  1  1  3.5021339E-02 -3.5479413E+00 -1.1357354E-01  1  1  4.8538767E+03  1.8470544E+02  0.0000000E+00  2.1560302E+00  4.0000000E+00  0.0000000E+00  = E_edge, Z, n_edge, j_edge, Abs_before_edge, VO_interstitial, E_cut, ninit, ninit1, Epsii, UnitCell_Volume, Surface_ref, f0_forward, natomsym_f, abs_u_iso
    Energy    <xanes>    
  -20.0000  3.5876700E-04
  -19.0000  3.7786690E-04
  -18.0000  4.7738640E-04
  -17.0000  1.0636940E-03
  -16.0000  2.7006358E-02
  -15.0000  2.9891540E-03
  -14.0000  5.9644024E-04
  -13.0000  3.4046393E-04
  -12.0000  2.5995263E-04
  -11.0000  2.2401229E-04
  -10.0000  2.0602464E-04
  -9.95000  2.0542628E-04
  -9.90000  2.0485217E-04
  -9.85000  2.0430200E-04
  -9.80000  2.0377535E-04
  -9.75000  2.0327188E-04
  -9.70000  2.0279127E-04
  -9.65000  2.0233323E-04
  -9.60000  2.0189749E-04
  -9.55000  2.0148381E-04
  -9.50000  2.0109198E-04
  -9.45000  2.0072178E-04
  -9.40000  2.0037305E-04
  -9.35000  2.0004553E-04
  -9.30000  1.9973918E-04
  -9.25000  1.9945385E-04
  -9.20000  1.9918947E-04
  -9.15000  1.9894598E-04
  -9.10000  1.9872332E-04
  -9.05000  1.9852144E-04
  -9.00000  1.9834033E-04
  -8.95000  1.9818000E-04
  -8.90000  1.9804048E-04
  -8.85000  1.9792177E-04
  -8.80000  1.9782385E-04
  -8.75000  1.9774692E-04
  -8.70000  1.9769108E-04
  -8.65000  1.9765644E-04
  -8.60000  1.9764315E-04
  -8.55000  1.9765136E-04
  -8.50000  1.9768128E-04
  -8.45000  1.9773308E-04
  -8.40000  1.9780694E-04
  -8.35000  1.9790315E-04
  -8.30000  1.9802199E-04
  -8.25000  1.9816376E-04
  -8.20000  1.9832879E-04
  -8.15000  1.9851739E-04
  -8.10000  1.9872995E-04
  -8.05000  1.9896685E-04
  -8.00000  1.9922850E-04
  -7.95000  1.9951527E-04
  -7.90000  1.9982771E-04
  -7.85000  2.0016633E-04
  -7.80000  2.0053169E-04
  -7.75000  2.0092436E-04
  -7.70000  2.0134492E-04
  -7.65000  2.0179402E-04
  -7.60000  2.0227230E-04
  -7.55000  2.0278050E-04
  -7.50000  2.0331929E-04
  -7.45000  2.0388952E-04
  -7.40000  2.0449208E-04
  -7.35000  2.0512784E-04
  -7.30000  2.0579775E-04
  -7.25000  2.0650276E-04
  -7.20000  2.0724391E-04
  -7.15000  2.0802232E-04
  -7.10000  2.0883912E-04
  -7.05000  2.0969554E-04
  -7.00000  2.1059286E-04
  -6.95000  2.1153252E-04
  -6.90000  2.1251594E-04
  -6.85000  2.1354468E-04
  -6.80000  2.1462037E-04
  -6.75000  2.1574457E-04
  -6.70000  2.1691924E-04
  -6.65000  2.1814628E-04
  -6.60000  2.1942758E-04
  -6.55000  2.2076526E-04
  -6.50000  2.2216175E-04
  -6.45000  2.2361942E-04
  -6.40000  2.2514075E-04
  -6.35000  2.2672850E-04
  -6.30000  2.2838542E-04
  -6.25000  2.3011470E-04
  -6.20000  2.3191961E-04
  -6.15000  2.3380350E-04
  -6.10000  2.3576969E-04
  -6.05000  2.3782240E-04
  -6.00000  2.3996591E-04
  -5.95000  2.4220467E-04
  -5.90000  2.4454333E-04
  -5.85000  2.4698685E-04
  -5.80000  2.4954061E-04
  -5.75000  2.5221068E-04
  -5.70000  2.5500332E-04
  -5.65000  2.5792480E-04
  -5.60000  2.6098258E-04
  -5.55000  2.6418437E-04
  -5.50000  2.6753858E-04
  -5.45000  2.7105421E-04
  -5.40000  2.7474068E-04
  -5.35000  2.7860871E-04
  -5.30000  2.8266950E-04
  -5.25000  2.8693528E-04
  -5.20000  2.9141903E-04
  -5.15000  2.9613578E-04
  -5.10000  3.0110133E-04
  -5.05000  3.0633245E-04
  -5.00000  3.1184810E-04
  -4.95000  3.1766877E-04
  -4.90000  3.2381711E-04
  -4.85000  3.3031774E-04
  -4.80000  3.3719776E-04
  -4.75000  3.4448655E-04
  -4.70000  3.5221819E-04
  -4.65000  3.6042948E-04
  -4.60000  3.6916124E-04
  -4.55000  3.7845899E-04
  -4.50000  3.8837359E-04
  -4.45000  3.9896181E-04
  -4.40000  4.1028751E-04
  -4.35000  4.2242235E-04
  -4.30000  4.3544680E-04
  -4.25000  4.4945406E-04
  -4.20000  4.6454911E-04
  -4.15000  4.8085200E-04
  -4.10000  4.9850051E-04
  -4.05000  5.1765356E-04
  -4.00000  5.3849477E-04
  -3.95000  5.6123849E-04
  -3.90000  5.8613640E-04
  -3.85000  6.1348448E-04
  -3.80000  6.4363377E-04
  -3.75000  6.7700226E-04
  -3.70000  7.1409476E-04
  -3.65000  7.5552384E-04
  -3.60000  8.0203890E-04
  -3.55000  8.5456673E-04
  -3.50000  9.1426589E-04
  -3.45000  9.8260268E-04
  -3.40000  1.0614586E-03
  -3.35000  1.1532847E-03
  -3.30000  1.2613265E-03
  -3.25000  1.3899702E-03
  -3.20000  1.5452770E-03
  -3.15000  1.7358432E-03
  -3.10000  1.9742382E-03
  -3.05000  2.2795130E-03
  -3.00000  2.6818663E-03
  -2.95000  3.2318405E-03
  -2.90000  4.0200623E-03
  -2.85000  5.2245160E-03
  -2.80000  7.2412496E-03
  -2.75000  1.1129513E-02
  -2.70000  2.0710923E-02
  -2.65000  6.0944443E-02
  -2.60000  1.1842827E+00
  -2.55000  1.2338964E-01
  -2.50000  3.0216236E-01
  -2.45000  9.6377149E-01
  -2.40000  6.4733884E-02
  -2.35000  3.5569261E-02
  -2.30000  8.4349727E-02
  -2.25000  4.6160787E-01
  -2.20000  4.6545217E-02
  -2.15000  9.1846707E-02
  -2.10000  3.1402116E-01
  -2.05000  4.9250257E-02
  -2.00000  6.6019894E-02
  -1.95000  1.0305115E-01
  -1.90000  1.1969527E+00
  -1.85000  3.1726416E-01
  -1.80000  2.3064227E-01
  -1.75000  3.6945997E-01
  -1.70000  1.0061226E-01
  -1.65000  9.5561128E-02
  -1.60000  3.1877255E-02
  -1.55000  1.1760875E-01
  -1.50000  3.1004635E-01
  -1.45000  5.1332403E-02
  -1.40000  3.7476156E-02
  -1.35000  6.9724085E-02
  -1.30000  5.4062703E-02
  -1.25000  1.6815365E-01
  -1.20000  1.8404941E-01
  -1.15000  1.1038854E-01
  -1.10000  7.5770892E-02
  -1.05000  2.0874099E-02
  -1.00000  2.5972829E-02
  -0.95000  1.4702762E-01
  -0.90000  1.5450628E-01
  -0.85000  4.0663857E-01
  -0.80000  9.8398289E-02
  -0.75000  3.8192167E-01
  -0.70000  7.4050465E-02
  -0.65000  1.8915228E-02
  -0.60000  2.1265187E-02
  -0.55000  6.3371517E-02
  -0.50000  5.3109747E-02
  -0.45000  1.9891710E-02
  -0.40000  1.2994082E-01
  -0.35000  1.1795638E-01
  -0.30000  1.0416257E-01
  -0.25000  2.8656275E-01
  -0.20000  1.1806914E-01
  -0.15000  3.6231603E-01
  -0.10000  3.1878400E-01
  -0.05000  1.4833414E-01
  -0.00000  4.5465586E-01
   0.05000  2.2968586E-01
   0.10000  1.0972590E-01
   0.15000  1.8702018E-01
   0.20000  5.0826196E-02
   0.25000  2.2986489E-01
   0.30000  2.0180172E-02
   0.35000  8.5177092E-03
   0.40000  5.1940115E-03
   0.45000  3.6978729E-03
   0.50000  2.8810765E-03
   0.55000  2.3577102E-03
   0.60000  1.9937916E-03
   0.65000  1.7267191E-03
   0.70000  1.5229812E-03
   0.75000  1.3629498E-03
   0.80000  1.2343497E-03
   0.85000  1.1291044E-03
   0.90000  1.0416798E-03
   0.95000  9.6816539E-04
   1.00000  9.0572156E-04
   1.05000  8.5224123E-04
   1.10000  8.0612100E-04
   1.15000  7.6613448E-04
   1.20000  7.3132426E-04
   1.25000  7.0093770E-04
   1.30000  6.7437743E-04
   1.35000  6.5066825E-04
   1.40000  6.2983421E-04
   1.45000  6.1211210E-04
   1.50000  5.9704661E-04
   1.55000  5.8460708E-04
   1.60000  5.1370769E-06
   1.65000  1.1180296E-05
   1.70000  1.6374832E-05
   1.75000  2.1696207E-05
   1.80000  2.7193390E-05
   1.85000  3.2698335E-05
   1.90000  3.8124007E-05
   1.95000  4.3413771E-05
   2.00000  4.8544975E-05
   2.05000  5.3525709E-05
   2.10000  5.8392289E-05
   2.15000  6.3210183E-05
   2.20000  6.8079929E-05
   2.25000  7.3147903E-05
   2.30000  7.8633588E-05
   2.35000  8.4879478E-05
   2.40000  9.2458012E-05
   2.45000  1.0242905E-04
   2.50000  1.1707343E-04
   2.55000  1.4256291E-04
   2.60000  2.0325822E-04
   2.65000  5.0649345E-04
   2.70000  3.3535642E-01
   2.75000  7.0075840E-04
   2.80000  4.8615165E-04
   2.85000  6.1431508E-04
   2.90000  1.0540296E-03
   2.95000  2.6897527E-03
   3.00000  2.1828011E-02
   3.05000  2.9747507E-02
   3.10000  7.5810193E-03
   3.15000  5.2949421E-02
   3.20000  2.9058135E-02
   3.25000  5.0820895E-03
   3.30000  2.4387421E-03
   3.35000  1.6182324E-03
   3.40000  1.2694193E-03
   3.45000  1.1123678E-03
   3.50000  1.0640601E-03
   3.55000  1.1026208E-03
   3.60000  1.2393822E-03
   3.65000  1.5237091E-03
   3.70000  2.0821909E-03
   3.75000  3.2568385E-03
   3.80000  6.1857074E-03
   3.85000  1.6491812E-02
   3.90000  1.0306845E-01
   3.95000  5.9306528E-01
   4.00000  1.4423741E-01
   4.05000  5.2116193E-02
   4.10000  2.4780112E-02
   4.15000  2.7904369E-02
   4.20000  2.2543777E-02
   4.25000  1.7128413E-02
   4.30000  2.7451535E-02
   4.35000  1.9543104E-02
   4.40000  3.9746183E-02
   4.45000  6.2020171E-02
   4.50000  6.1890693E-02
   4.55000  4.6877910E-02
   4.60000  4.6345688E-02
   4.65000  6.7178474E-02
   4.70000  1.0403647E-01
   4.75000  6.0619952E-02
   4.80000  7.1365959E-02
   4.85000  6.3317877E-02
   4.90000  4.7946883E-02
   4.95000  4.0174036E-02
   5.00000  4.8714320E-02
   5.05000  2.8323229E-02
   5.10000  3.3787923E-02
   5.15000  5.5950683E-02
   5.20000  4.2040245E-02
   5.25000  3.3134996E-02
   5.30000  4.1868662E-02
   5.35000  4.3702496E-02
   5.40000  3.5341816E-02
   5.45000  3.1603082E-02
   5.50000  3.1477363E-02
   5.55000  3.3712008E-02
   5.60000  3.7996461E-02
   5.65000  4.4323600E-02
   5.70000  5.2315363E-02
   5.75000  6.0338986E-02
   5.80000  6.5562585E-02
   5.85000  6.6520575E-02
   5.90000  6.5208493E-02
   5.95000  6.5171534E-02
   6.00000  6.8946162E-02
   6.05000  7.7390064E-02
   6.10000  8.9088204E-02
   6.15000  9.9915833E-02
   6.20000  1.0650481E-01
   6.25000  1.1006478E-01
   6.30000  1.1371104E-01
   6.35000  1.1828411E-01
   6.40000  1.2284195E-01
   6.45000  1.3167168E-01
   6.50000  1.5002924E-01
   6.55000  1.7650718E-01
   6.60000  1.9895374E-01
   6.65000  2.0130544E-01
   6.70000  1.7824944E-01
   6.75000  1.5543203E-01
   6.80000  1.5674639E-01
   6.85000  1.3575768E-01
   6.90000  8.9959127E-02
   6.95000  5.9572894E-02
   7.00000  4.2712311E-02
   7.05000  3.2970038E-02
   7.10000  2.6770811E-02
   7.15000  2.1745203E-02
   7.20000  1.7508065E-02
   7.25000  1.4464078E-02
   7.30000  1.2310776E-02
   7.35000  1.0715774E-02
   7.40000  8.1404885E-03
   7.45000  7.3980419E-03
   7.50000  6.7871389E-03
   7.55000  6.2790896E-03
   7.60000  5.8536389E-03
   7.65000  5.4954778E-03
   7.70000  5.1928951E-03
   7.75000  4.9368144E-03
   7.80000  4.7200758E-03
   7.85000  4.5369628E-03
   7.90000  4.3828458E-03
   7.95000  4.2539528E-03
   8.00000  4.1471696E-03
   8.05000  4.0598980E-03
   8.10000  3.9899540E-03
   8.15000  3.9354833E-03
   8.20000  3.8949048E-03
   8.25000  3.8668697E-03
   8.30000  3.8501859E-03
   8.35000  3.8438203E-03
   8.40000  3.8468553E-03
   8.45000  3.8584808E-03
   8.50000  3.8779836E-03
   8.55000  3.9047128E-03
   8.60000  3.9380907E-03
   8.65000  3.9775978E-03
   8.70000  4.0227696E-03
   8.75000  4.0731867E-03
   8.80000  4.1284679E-03
   8.85000  4.1882744E-03
   8.90000  4.2523036E-03
   8.95000  4.3202866E-03
   9.00000  4.3919852E-03
   9.05000  4.4671962E-03
   9.10000  4.5457293E-03
   9.15000  4.6274250E-03
   9.20000  4.7121460E-03
   9.25000  4.7997748E-03
   9.30000  4.8902092E-03
   9.35000  4.9833649E-03
   9.40000  5.0791703E-03
   9.45000  5.1775738E-03
   9.50000  5.2785183E-03
   9.55000  5.3819644E-03
   9.60000  5.4878794E-03
   9.65000  5.5962370E-03
   9.70000  5.7070159E-03
   9.75000  5.8201992E-03
   9.80000  5.9357737E-03
   9.85000  6.0537288E-03
   9.90000  6.1740564E-03
   9.95000  6.2967584E-03
   10.0000  6.4218200E-03
   10.1000  6.6790042E-03
   10.2000  6.9455778E-03
   10.3000  7.2215128E-03
   10.4000  7.5067810E-03
   10.5000  7.8013535E-03
   10.6000  8.1052126E-03
   10.7000  8.4182881E-03
   10.8000  8.7405177E-03
   10.9000  9.0718230E-03
   11.0000  9.4118194E-03
   11.1000  9.7605186E-03
   11.2000  1.0117892E-02
   11.3000  1.0483764E-02
   11.4000  1.0857876E-02
   11.5000  1.1239939E-02
   11.6000  1.1629626E-02
   11.7000  1.2026583E-02
   11.8000  1.2430441E-02
   11.9000  1.2840842E-02
   12.0000  1.3257486E-02
   12.1000  1.3680199E-02
   12.2000  1.4083251E-02
   12.3000  1.4517849E-02
   12.4000  1.4959354E-02
   12.5000  1.5396893E-02
   12.6000  1.5856323E-02
   12.7000  1.6327551E-02
   12.8000  1.6813419E-02
   12.9000  1.7317403E-02
   13.0000  1.7843550E-02
   13.1000  1.8396227E-02
   13.2000  1.8980081E-02
   13.3000  1.9599811E-02
   13.4000  2.0259998E-02
   13.5000  2.0964953E-02
   13.6000  2.1718615E-02
   13.7000  2.2524496E-02
   13.8000  2.3385588E-02
   13.9000  2.4304394E-02
   14.0000  2.5283007E-02
   14.1000  2.6322894E-02
   14.2000  2.7425146E-02
   14.3000  2.8590437E-02
   14.4000  2.9819066E-02
   14.5000  3.1111000E-02
   14.6000  3.2465948E-02
   14.7000  3.3883429E-02
   14.8000  3.5362845E-02
   14.9000  3.6903555E-02
   15.0000  3.8504939E-02
   15.1000  4.0166542E-02
   15.2000  4.1895720E-02
   15.3000  4.3693163E-02
   15.4000  4.5550422E-02
   15.5000  4.7467060E-02
   15.6000  4.9442519E-02
   15.7000  5.1476038E-02
   15.8000  5.3566563E-02
   15.9000  5.5712702E-02
   16.0000  5.7912723E-02
   16.1000  6.0164679E-02
   16.2000  6.2466481E-02
   16.3000  6.4816057E-02
   16.4000  6.7211792E-02
   16.5000  6.9652530E-02
   16.6000  7.2138328E-02
   16.7000  7.4670649E-02
   16.8000  7.7252745E-02
   16.9000  7.9891292E-02
   17.0000  8.2593521E-02
   17.1000  8.5369564E-02
   17.2000  8.8231235E-02
   17.3000  9.1194386E-02
   17.4000  9.4275044E-02
   17.5000  9.7491825E-02
   17.6000  1.0086538E-01
   17.7000  1.0441627E-01
   17.8000  1.0816501E-01
   17.9000  1.1213227E-01
   18.0000  1.1633844E-01
   18.1000  1.2080313E-01
   18.2000  1.2554266E-01
   18.3000  1.3057247E-01
   18.4000  1.3590542E-01
   18.5000  1.4155175E-01
   18.6000  1.4751979E-01
   18.7000  1.5381217E-01
   18.8000  1.6042656E-01
   18.9000  1.6735513E-01
   19.0000  1.7458243E-01
   19.1000  1.8208382E-01
   19.2000  1.8982391E-01
   19.3000  1.9958804E-01
   19.4000  2.0763490E-01
   19.5000  2.1570404E-01
   19.6000  2.2369918E-01
   19.7000  2.3151234E-01
   19.8000  2.3902721E-01
   19.9000  2.4612521E-01
   20.0000  2.5269165E-01
   20.1000  2.5862420E-01
   20.2000  2.6383828E-01
   20.3000  2.6825519E-01
   20.4000  2.7182569E-01
   20.5000  2.7453018E-01
   20.6000  2.7637341E-01
   20.7000  2.7738268E-01
   20.8000  2.7760591E-01
   20.9000  2.7710758E-01
   21.0000  2.7596687E-01
   21.1000  2.7427504E-01
   21.2000  2.7212594E-01
   21.3000  2.6961825E-01
   21.4000  2.6684967E-01
   21.5000  2.6391348E-01
   21.6000  2.6089598E-01
   21.7000  2.5787462E-01
   21.8000  2.5491679E-01
   21.9000  2.5207917E-01
   22.0000  2.4940901E-01
   22.1000  2.4694372E-01
   22.2000  2.4471374E-01
   22.3000  2.4273852E-01
   22.4000  2.4103292E-01
   22.5000  2.3960663E-01
   22.6000  2.3846442E-01
   22.7000  2.3760773E-01
   22.8000  2.3703521E-01
   22.9000  2.3674322E-01
   23.0000  2.3672639E-01
   23.1000  2.3697797E-01
   23.2000  2.3749006E-01
   23.3000  2.3825412E-01
   23.4000  2.3926159E-01
   23.5000  2.4050301E-01
   23.6000  2.4196717E-01
   23.7000  2.4364362E-01
   23.8000  2.4552166E-01
   23.9000  2.4759056E-01
   24.0000  2.4983922E-01
   24.1000  2.5225636E-01
   24.2000  2.5483069E-01
   24.3000  2.5755116E-01
   24.4000  2.6040594E-01
   24.5000  2.6338344E-01
   24.6000  2.6647196E-01
   24.7000  2.6965989E-01
   24.8000  2.7293563E-01
   24.9000  2.7628850E-01
   25.0000  2.7970488E-01
   25.1000  2.8317282E-01
   25.2000  2.8668031E-01
   25.3000  2.9021526E-01
   25.4000  2.9376571E-01
   25.5000  2.9731978E-01
   25.6000  3.0086576E-01
   25.7000  3.0439196E-01
   25.8000  3.0788724E-01
   25.9000  3.1134173E-01
   26.0000  3.1475562E-01
   26.1000  3.1810582E-01
   26.2000  3.2138307E-01
   26.3000  3.2457839E-01
   26.4000  3.2768402E-01
   26.5000  3.3069236E-01
   26.6000  3.3359545E-01
   26.7000  3.3638714E-01
   26.8000  3.3906012E-01
   26.9000  3.4160969E-01
   27.0000  3.4402968E-01
   27.1000  3.4631342E-01
   27.2000  3.4845315E-01
   27.3000  3.5044240E-01
   27.4000  3.5227277E-01
   27.5000  3.5393511E-01
   27.6000  3.5541968E-01
   27.7000  3.5671524E-01
   27.8000  3.5781257E-01
   27.9000  3.5870210E-01
   28.0000  3.5937468E-01
   28.1000  3.5982233E-01
   28.2000  3.6004020E-01
   28.3000  3.6002271E-01
   28.4000  3.5976587E-01
   28.5000  3.5927102E-01
   28.6000  3.5854114E-01
   28.7000  3.5758222E-01
   28.8000  3.5640322E-01
   28.9000  3.5501603E-01
   29.0000  3.5343517E-01
   29.1000  3.5167738E-01
   29.2000  3.4976056E-01
   29.3000  3.4770411E-01
   29.4000  3.4552793E-01
   29.5000  3.4325152E-01
   29.6000  3.4089379E-01
   29.7000  3.3847301E-01
   29.8000  3.3600676E-01
   29.9000  3.3351177E-01
   30.0000  3.3100401E-01
   30.1000  3.2849912E-01
   30.2000  3.2601142E-01
   30.3000  3.2355354E-01
   30.4000  3.2113804E-01
   30.5000  3.1877575E-01
   30.6000  3.1647640E-01
   30.7000  3.1424850E-01
   30.8000  3.1209927E-01
   30.9000  3.1003461E-01
   31.0000  3.0805915E-01
   31.1000  3.0617631E-01
   31.2000  3.0438826E-01
   31.3000  3.0269605E-01
   31.4000  3.0109950E-01
   31.5000  2.9959730E-01
   31.6000  2.9818751E-01
   31.7000  2.9686703E-01
   31.8000  2.9563197E-01
   31.9000  2.9447771E-01
   32.0000  2.9339907E-01
   32.1000  2.9239043E-01
   32.2000  2.9144626E-01
   32.3000  2.9056100E-01
   32.4000  2.8972810E-01
   32.5000  2.8897410E-01
   32.6000  2.8826357E-01
   32.7000  2.8758603E-01
   32.8000  2.8693712E-01
   32.9000  2.8631286E-01
   33.0000  2.8571003E-01
   33.1000  2.8512555E-01
   33.2000  2.8455673E-01
   33.3000  2.8408168E-01
   33.4000  2.8353901E-01
   33.5000  2.8300606E-01
   33.6000  2.8248149E-01
   33.7000  2.8196421E-01
   33.8000  2.8145338E-01
   33.9000  2.8094843E-01
   34.0000  2.8044894E-01
   34.1000  2.7995471E-01
   34.2000  2.7946579E-01
   34.3000  2.7898245E-01
   34.4000  2.7850861E-01
   34.5000  2.7803781E-01
   34.6000  2.7757472E-01
   34.7000  2.7711955E-01
   34.8000  2.7667314E-01
   34.9000  2.7623654E-01
   35.0000  2.7581055E-01
   35.1000  2.7539626E-01
   35.2000  2.7499472E-01
   35.3000  2.7460705E-01
   35.4000  2.7423435E-01
   35.5000  2.7387772E-01
   35.6000  2.7353830E-01
   35.7000  2.7321722E-01
   35.8000  2.7291567E-01
   35.9000  2.7263485E-01
   36.0000  2.7237596E-01
   36.1000  2.7214026E-01
   36.2000  2.7192908E-01
   36.3000  2.7174347E-01
   36.4000  2.7158540E-01
   36.5000  2.7145641E-01
   36.6000  2.7135817E-01
   36.7000  2.7129220E-01
   36.8000  2.7126006E-01
   36.9000  2.7126325E-01
   37.0000  2.7130367E-01
   37.1000  2.7140866E-01
   37.2000  2.7153727E-01
   37.3000  2.7170651E-01
   37.4000  2.7191800E-01
   37.5000  2.7217132E-01
   37.6000  2.7246532E-01
   37.7000  2.7279910E-01
   37.8000  2.7317103E-01
   37.9000  2.7357969E-01
   38.0000  2.7402206E-01
   38.1000  2.7449345E-01
   38.2000  2.7498895E-01
   38.3000  2.7550177E-01
   38.4000  2.7602542E-01
   38.5000  2.7655154E-01
   38.6000  2.7707140E-01
   38.7000  2.7757319E-01
   38.8000  2.7804346E-01
   38.9000  2.7846865E-01
   39.0000  2.7883373E-01
   39.1000  2.7912247E-01
   39.2000  2.7931767E-01
   39.3000  2.7940139E-01
   39.4000  2.7935523E-01
   39.5000  2.7916232E-01
   39.6000  2.7880387E-01
   39.7000  2.7826411E-01
   39.8000  2.7757613E-01
   39.9000  2.7670201E-01
   40.0000  2.7563483E-01
   40.1000  2.7437350E-01
   40.2000  2.7292256E-01
   40.3000  2.7129232E-01
   40.4000  2.6949891E-01
   40.5000  2.6756347E-01
   40.6000  2.6551398E-01
   40.7000  2.6337677E-01
   40.8000  2.6118114E-01
   40.9000  2.5895604E-01
   41.0000  2.5672866E-01
   41.1000  2.5452321E-01
   41.2000  2.5236005E-01
   41.3000  2.5025557E-01
   41.4000  2.4822234E-01
   41.5000  2.4626811E-01
   41.6000  2.4439757E-01
   41.7000  2.4261241E-01
   41.8000  2.4091186E-01
   41.9000  2.3929530E-01
   42.0000  2.3775696E-01
   42.1000  2.3629130E-01
   42.2000  2.3489280E-01
   42.3000  2.3355558E-01
   42.4000  2.3227358E-01
   42.5000  2.3104115E-01
   42.6000  2.2985238E-01
   42.7000  2.2870161E-01
   42.8000  2.2758351E-01
   42.9000  2.2649279E-01
   43.0000  2.2542408E-01
   43.1000  2.2437202E-01
   43.2000  2.2333093E-01
   43.3000  2.2229495E-01
   43.4000  2.2125874E-01
   43.5000  2.2021609E-01
   43.6000  2.1915868E-01
   43.7000  2.1807936E-01
   43.8000  2.1697094E-01
   43.9000  2.1582644E-01
   44.0000  2.1463951E-01
   44.1000  2.1340466E-01
   44.2000  2.1211757E-01
   44.3000  2.1077554E-01
   44.4000  2.0937785E-01
   44.5000  2.0792572E-01
   44.6000  2.0642246E-01
   44.7000  2.0487312E-01
   44.8000  2.0328529E-01
   44.9000  2.0166799E-01
   45.0000  2.0003160E-01
   45.1000  1.9838740E-01
   45.2000  1.9674808E-01
   45.3000  1.9512529E-01
   45.4000  1.9352915E-01
   45.5000  1.9197012E-01
   45.6000  1.9045767E-01
   45.7000  1.8899948E-01
   45.8000  1.8760223E-01
   45.9000  1.8627059E-01
   46.0000  1.8500784E-01
   46.1000  1.8381596E-01
   46.2000  1.8269544E-01
   46.3000  1.8164556E-01
   46.4000  1.8066453E-01
   46.5000  1.7974966E-01
   46.6000  1.7889767E-01
   46.7000  1.7810471E-01
   46.8000  1.7736648E-01
   46.9000  1.7667846E-01
   47.0000  1.7603630E-01
   47.1000  1.7543527E-01
   47.2000  1.7487127E-01
   47.3000  1.7434135E-01
   47.4000  1.7384028E-01
   47.5000  1.7336431E-01
   47.6000  1.7290999E-01
   47.7000  1.7247412E-01
   47.8000  1.7205498E-01
   47.9000  1.7165049E-01
   48.0000  1.7125649E-01
   48.1000  1.7087078E-01
   48.2000  1.7049141E-01
   48.3000  1.7011665E-01
   48.4000  1.6974500E-01
   48.5000  1.6937510E-01
   48.6000  1.6900586E-01
   48.7000  1.6863633E-01
   48.8000  1.6826600E-01
   48.9000  1.6789434E-01
   49.0000  1.6752087E-01
   49.1000  1.6714540E-01
   49.2000  1.6676804E-01
   49.3000  1.6638896E-01
   49.4000  1.6600845E-01
   49.5000  1.6562690E-01
   49.6000  1.6524668E-01
   49.7000  1.6486719E-01
   49.8000  1.6448848E-01
   49.9000  1.6411126E-01
   50.0000  1.6373620E-01
