Filout
run_10

Range
-20 1 -10 0.05 10 0.1 50

Radius
5.0

Edge
K

Z_absorber
22

Green
Quadrupole
SCF

Crystal
4.81269978142931 5.0409949409302905 4.87188446 90.0 90.0 99.85606391626618
22 0.722565 0.286852 0.552808
22 0.277435 0.213148 0.052808
22 0.277435 0.713148 0.447192
22 0.722565 0.786852 0.947192
8 0.554639 0.033228 0.257632
8 0.445361 0.466772 0.757632
8 0.445361 0.966772 0.742368
8 0.554639 0.533228 0.242368
8 0.936162 0.648443 0.676966
8 0.063838 0.851557 0.176966
8 0.063838 0.351557 0.323034
8 0.936162 0.148443 0.823034

Convolution
End