Filout
run_18

Range
-20 1 -10 0.05 10 0.1 50

Radius
5.0

Edge
K

Z_absorber
22

Green
Quadrupole
SCF

Crystal
18.75729937 4.68152415 2.96561103 90.0 90.0 90.0
22 0.069545 0.452251 0.25
22 0.188834 0.953712 0.75
22 0.311166 0.453712 0.25
22 0.430455 0.952251 0.75
22 0.569545 0.047749 0.25
22 0.688834 0.546288 0.75
22 0.811166 0.046288 0.25
22 0.930455 0.547749 0.75
8 0.017615 0.290733 0.75
8 0.14077 0.158057 0.25
8 0.115509 0.667305 0.75
8 0.262314 0.275483 0.75
8 0.237686 0.775483 0.25
8 0.384491 0.167305 0.25
8 0.35923 0.658057 0.75
8 0.482385 0.790733 0.25
8 0.517615 0.209267 0.75
8 0.64077 0.341943 0.25
8 0.615509 0.832695 0.75
8 0.762314 0.224517 0.75
8 0.737686 0.724517 0.25
8 0.884491 0.332695 0.25
8 0.85923 0.841943 0.75
8 0.982385 0.709267 0.25

Convolution
End