    Energy    <xanes>    
  -20.0000  1.5506550E-03
  -19.6928  1.5733119E-03
  -18.6928  1.6506688E-03
  -17.6928  1.7351294E-03
  -16.6928  1.8277965E-03
  -15.6928  1.9300415E-03
  -14.6928  2.0435996E-03
  -13.6928  2.1707105E-03
  -12.6928  2.3143331E-03
  -11.6928  2.4784844E-03
  -10.6928  2.6687956E-03
  -9.69280  2.8919196E-03
  -9.64280  2.9042336E-03
  -9.59280  2.9166649E-03
  -9.54280  2.9292153E-03
  -9.49280  2.9418868E-03
  -9.44280  2.9546815E-03
  -9.39280  2.9676015E-03
  -9.34280  2.9806489E-03
  -9.29280  2.9938261E-03
  -9.24280  3.0071351E-03
  -9.19280  3.0205784E-03
  -9.14280  3.0341583E-03
  -9.09280  3.0478773E-03
  -9.04280  3.0617379E-03
  -8.99280  3.0757425E-03
  -8.94280  3.0898940E-03
  -8.89280  3.1041949E-03
  -8.84280  3.1186480E-03
  -8.79280  3.1332563E-03
  -8.74280  3.1480225E-03
  -8.69280  3.1629497E-03
  -8.64280  3.1780410E-03
  -8.59280  3.1932995E-03
  -8.54280  3.2087285E-03
  -8.49280  3.2243313E-03
  -8.44280  3.2401113E-03
  -8.39280  3.2560721E-03
  -8.34280  3.2722173E-03
  -8.29280  3.2885506E-03
  -8.24280  3.3050758E-03
  -8.19280  3.3217970E-03
  -8.14280  3.3387180E-03
  -8.09280  3.3558432E-03
  -8.04280  3.3731768E-03
  -7.99280  3.3907232E-03
  -7.94280  3.4084870E-03
  -7.89280  3.4264728E-03
  -7.84280  3.4446855E-03
  -7.79280  3.4631301E-03
  -7.74280  3.4818117E-03
  -7.69280  3.5007356E-03
  -7.64280  3.5199072E-03
  -7.59280  3.5393322E-03
  -7.54280  3.5590164E-03
  -7.49280  3.5789657E-03
  -7.44280  3.5991863E-03
  -7.39280  3.6196846E-03
  -7.34280  3.6404672E-03
  -7.29280  3.6615409E-03
  -7.24280  3.6829127E-03
  -7.19280  3.7045899E-03
  -7.14280  3.7265799E-03
  -7.09280  3.7488906E-03
  -7.04280  3.7715299E-03
  -6.99280  3.7945062E-03
  -6.94280  3.8178281E-03
  -6.89280  3.8415044E-03
  -6.84280  3.8655443E-03
  -6.79280  3.8899575E-03
  -6.74280  3.9147537E-03
  -6.69280  3.9399431E-03
  -6.64280  3.9655365E-03
  -6.59280  3.9915448E-03
  -6.54280  4.0179794E-03
  -6.49280  4.0448522E-03
  -6.44280  4.0721754E-03
  -6.39280  4.0999617E-03
  -6.34280  4.1282246E-03
  -6.29280  4.1569776E-03
  -6.24280  4.1862351E-03
  -6.19280  4.2160120E-03
  -6.14280  4.2463238E-03
  -6.09280  4.2771865E-03
  -6.04280  4.3086169E-03
  -5.99280  4.3406323E-03
  -5.94280  4.3732511E-03
  -5.89280  4.4064920E-03
  -5.84280  4.4403749E-03
  -5.79280  4.4749202E-03
  -5.74280  4.5101494E-03
  -5.69280  4.5460849E-03
  -5.64280  4.5827501E-03
  -5.59280  4.6201693E-03
  -5.54280  4.6583681E-03
  -5.49280  4.6973731E-03
  -5.44280  4.7372122E-03
  -5.39280  4.7779146E-03
  -5.34280  4.8195108E-03
  -5.29280  4.8620327E-03
  -5.24280  4.9055140E-03
  -5.19280  4.9499896E-03
  -5.14280  4.9954964E-03
  -5.09280  5.0420731E-03
  -5.04280  5.0897603E-03
  -4.99280  5.1386005E-03
  -4.94280  5.1886386E-03
  -4.89280  5.2399217E-03
  -4.84280  5.2924994E-03
  -4.79280  5.3464237E-03
  -4.74280  5.4017498E-03
  -4.69280  5.4585355E-03
  -4.64280  5.5168418E-03
  -4.59280  5.5767334E-03
  -4.54280  5.6382783E-03
  -4.49280  5.7015484E-03
  -4.44280  5.7666197E-03
  -4.39280  5.8335729E-03
  -4.34280  5.9024931E-03
  -4.29280  5.9734705E-03
  -4.24280  6.0466010E-03
  -4.19280  6.1219862E-03
  -4.14280  6.1997339E-03
  -4.09280  6.2799589E-03
  -4.04280  6.3627830E-03
  -3.99280  6.4483361E-03
  -3.94280  6.5367565E-03
  -3.89280  6.6281917E-03
  -3.84280  6.7227991E-03
  -3.79280  6.8207469E-03
  -3.74280  6.9222148E-03
  -3.69280  7.0273952E-03
  -3.64280  7.1364944E-03
  -3.59280  7.2497332E-03
  -3.54280  7.3673490E-03
  -3.49280  7.4895969E-03
  -3.44280  7.6167510E-03
  -3.39280  7.7491070E-03
  -3.34280  7.8869833E-03
  -3.29280  8.0307239E-03
  -3.24280  8.1807007E-03
  -3.19280  8.3373158E-03
  -3.14280  8.5010055E-03
  -3.09280  8.6722427E-03
  -3.04280  8.8515418E-03
  -2.99280  9.0394623E-03
  -2.94280  9.2366139E-03
  -2.89280  9.4436623E-03
  -2.84280  9.6613352E-03
  -2.79280  9.8904295E-03
  -2.74280  1.0131819E-02
  -2.69280  1.0386465E-02
  -2.64280  1.0655424E-02
  -2.59280  1.0939861E-02
  -2.54280  1.1241067E-02
  -2.49280  1.1560466E-02
  -2.44280  1.1899641E-02
  -2.39280  1.2260352E-02
  -2.34280  1.2644558E-02
  -2.29280  1.3054450E-02
  -2.24280  1.3492476E-02
  -2.19280  1.3961386E-02
  -2.14280  1.4464269E-02
  -2.09280  1.5004611E-02
  -2.04280  1.5586348E-02
  -1.99280  1.6213939E-02
  -1.94280  1.6892448E-02
  -1.89280  1.7627636E-02
  -1.84280  1.8426072E-02
  -1.79280  1.9295261E-02
  -1.74280  2.0243787E-02
  -1.69280  2.1281479E-02
  -1.64280  2.2419592E-02
  -1.59280  2.3670996E-02
  -1.54280  2.5050376E-02
  -1.49280  2.6574400E-02
  -1.44280  2.8261842E-02
  -1.39280  3.0133597E-02
  -1.34280  3.2212508E-02
  -1.29280  3.4522909E-02
  -1.24280  3.7089791E-02
  -1.19280  3.9937503E-02
  -1.14280  4.3088097E-02
  -1.09280  4.6559613E-02
  -1.04280  5.0365012E-02
  -0.99280  5.4512701E-02
  -0.94280  5.9009415E-02
  -0.89280  6.3865272E-02
  -0.84280  6.9099350E-02
  -0.79280  7.4743331E-02
  -0.74280  8.0839083E-02
  -0.69280  8.7428476E-02
  -0.64280  9.4535095E-02
  -0.59280  1.0213926E-01
  -0.54280  1.1014955E-01
  -0.49280  1.1837614E-01
  -0.44280  1.2651441E-01
  -0.39280  1.3414790E-01
  -0.34280  1.4078156E-01
  -0.29280  1.4591505E-01
  -0.24280  1.4913431E-01
  -0.19280  1.5020047E-01
  -0.14280  1.4910013E-01
  -0.09280  1.4603446E-01
  -0.04280  1.4135467E-01
   0.00720  1.3547519E-01
   0.05720  1.2879908E-01
   0.10720  1.2167282E-01
   0.15720  1.1437009E-01
   0.20720  1.0709527E-01
   0.25720  9.9996748E-02
   0.30720  9.3182105E-02
   0.35720  8.6729945E-02
   0.40720  8.0696838E-02
   0.45720  7.5120490E-02
   0.50720  7.0021319E-02
   0.55720  6.5404077E-02
   0.60720  6.1260154E-02
   0.65720  5.7570459E-02
   0.70720  5.4308508E-02
   0.75720  5.1443262E-02
   0.80720  4.8941405E-02
   0.85720  4.6768914E-02
   0.90720  4.4891927E-02
   0.95720  4.3277071E-02
   1.00720  4.1891478E-02
   1.05720  4.0702836E-02
   1.10720  3.9679783E-02
   1.15720  3.8792905E-02
   1.20720  3.8016364E-02
   1.25720  3.7329842E-02
   1.30720  3.6720185E-02
   1.35720  3.6182063E-02
   1.40720  3.5717281E-02
   1.45720  3.5332915E-02
   1.50720  3.5038913E-02
   1.55720  3.4845835E-02
   1.60720  3.4763206E-02
   1.65720  3.4798539E-02
   1.70720  3.4956872E-02
   1.75720  3.5240547E-02
   1.80720  3.5649046E-02
   1.85720  3.6178722E-02
   1.90720  3.6822411E-02
   1.95720  3.7568971E-02
   2.00720  3.8402929E-02
   2.05720  3.9304558E-02
   2.10720  4.0250802E-02
   2.15720  4.1217402E-02
   2.20720  4.2182173E-02
   2.25720  4.3128747E-02
   2.30720  4.4049547E-02
   2.35720  4.4946747E-02
   2.40720  4.5830777E-02
   2.45720  4.6716994E-02
   2.50720  4.7621859E-02
   2.55720  4.8559830E-02
   2.60720  4.9541491E-02
   2.65720  5.0572737E-02
   2.70720  5.1654504E-02
   2.75720  5.2782682E-02
   2.80720  5.3948125E-02
   2.85720  5.5136966E-02
   2.90720  5.6331464E-02
   2.95720  5.7511495E-02
   3.00720  5.8656624E-02
   3.05720  5.9748479E-02
   3.10720  6.0773068E-02
   3.15720  6.1722586E-02
   3.20720  6.2596337E-02
   3.25720  6.3400532E-02
   3.30720  6.4146996E-02
   3.35720  6.4851046E-02
   3.40720  6.5528983E-02
   3.45720  6.6195597E-02
   3.50720  6.6862017E-02
   3.55720  6.7534075E-02
   3.60720  6.8211329E-02
   3.65720  6.8886764E-02
   3.70720  6.9547148E-02
   3.75720  7.0173945E-02
   3.80720  7.0744665E-02
   3.85720  7.1234616E-02
   3.90720  7.1619072E-02
   3.95720  7.1875826E-02
   4.00720  7.1987898E-02
   4.05720  7.1945885E-02
   4.10720  7.1749350E-02
   4.15720  7.1406791E-02
   4.20720  7.0934118E-02
   4.25720  7.0352029E-02
   4.30720  6.9682949E-02
   4.35720  6.8948238E-02
   4.40720  6.8166190E-02
   4.45720  6.7351010E-02
   4.50720  6.6512760E-02
   4.55720  6.5658030E-02
   4.60720  6.4791065E-02
   4.65720  6.3915048E-02
   4.70720  6.3033265E-02
   4.75720  6.2149978E-02
   4.80720  6.1270856E-02
   4.85720  6.0402985E-02
   4.90720  5.9554488E-02
   4.95720  5.8733901E-02
   5.00720  5.7949437E-02
   5.05720  5.7208267E-02
   5.10720  5.6515915E-02
   5.15720  5.5875797E-02
   5.20720  5.5288936E-02
   5.25720  5.4753841E-02
   5.30720  5.4266530E-02
   5.35720  5.3820716E-02
   5.40720  5.3408129E-02
   5.45720  5.3018998E-02
   5.50720  5.2642667E-02
   5.55720  5.2268322E-02
   5.60720  5.1885770E-02
   5.65720  5.1486193E-02
   5.70720  5.1062780E-02
   5.75720  5.0611157E-02
   5.80720  5.0129570E-02
   5.85720  4.9618796E-02
   5.90720  4.9081838E-02
   5.95720  4.8523446E-02
   6.00720  4.7949576E-02
   6.05720  4.7366826E-02
   6.10720  4.6781937E-02
   6.15720  4.6201366E-02
   6.20720  4.5630948E-02
   6.25720  4.5075661E-02
   6.30720  4.4539455E-02
   6.35720  4.4025171E-02
   6.40720  4.3534520E-02
   6.45720  4.3068142E-02
   6.50720  4.2625719E-02
   6.55720  4.2206156E-02
   6.60720  4.1807812E-02
   6.65720  4.1428755E-02
   6.70720  4.1067034E-02
   6.75720  4.0720923E-02
   6.80720  4.0389130E-02
   6.85720  4.0070935E-02
   6.90720  3.9766259E-02
   6.95720  3.9475653E-02
   7.00720  3.9200231E-02
   7.05720  3.8941552E-02
   7.10720  3.8701477E-02
   7.15720  3.8482019E-02
   7.20720  3.8285212E-02
   7.25720  3.8112989E-02
   7.30720  3.7967105E-02
   7.35720  3.7849077E-02
   7.40720  3.7760161E-02
   7.45720  3.7701348E-02
   7.50720  3.7673377E-02
   7.55720  3.7676763E-02
   7.60720  3.7711831E-02
   7.65720  3.7778749E-02
   7.70720  3.7877564E-02
   7.75720  3.8008236E-02
   7.80720  3.8170667E-02
   7.85720  3.8364724E-02
   7.90720  3.8590260E-02
   7.95720  3.8847133E-02
   8.00720  3.9135213E-02
   8.05720  3.9454398E-02
   8.10720  3.9804611E-02
   8.15720  4.0185812E-02
   8.20720  4.0597989E-02
   8.25720  4.1041165E-02
   8.30720  4.1515386E-02
   8.35720  4.2020720E-02
   8.40720  4.2557248E-02
   8.45720  4.3125051E-02
   8.50720  4.3724205E-02
   8.55720  4.4354761E-02
   8.60720  4.5016739E-02
   8.65720  4.5710106E-02
   8.70720  4.6434764E-02
   8.75720  4.7190536E-02
   8.80720  4.7977145E-02
   8.85720  4.8794207E-02
   8.90720  4.9641207E-02
   8.95720  5.0517496E-02
   9.00720  5.1422276E-02
   9.05720  5.2354595E-02
   9.10720  5.3313340E-02
   9.15720  5.4297239E-02
   9.20720  5.5304866E-02
   9.25720  5.6334647E-02
   9.30720  5.7384872E-02
   9.35720  5.8453716E-02
   9.40720  5.9539258E-02
   9.45720  6.0639509E-02
   9.50720  6.1752441E-02
   9.55720  6.2876022E-02
   9.60720  6.4008251E-02
   9.65720  6.5147198E-02
   9.70720  6.6291033E-02
   9.75720  6.7438072E-02
   9.80720  6.8586797E-02
   9.85720  6.9735895E-02
   9.90720  7.0884267E-02
   9.95720  7.2031053E-02
   10.0072  7.3174697E-02
   10.0572  7.4312066E-02
   10.1072  7.5456047E-02
   10.1572  7.6588583E-02
   10.2072  7.7726968E-02
   10.2572  7.8856031E-02
   10.3072  7.9990249E-02
   10.4072  8.2251167E-02
   10.5072  8.4516786E-02
   10.6072  8.6795371E-02
   10.7072  8.9095970E-02
   10.8072  9.1428127E-02
   10.9072  9.3801672E-02
   11.0072  9.6226526E-02
   11.1072  9.8712473E-02
   11.2072  1.0126891E-01
   11.3072  1.0390461E-01
   11.4072  1.0662747E-01
   11.5072  1.0944443E-01
   11.6072  1.1236135E-01
   11.7072  1.1538309E-01
   11.8072  1.1851359E-01
   11.9072  1.2175596E-01
   12.0072  1.2511259E-01
   12.1072  1.2858516E-01
   12.2072  1.3217460E-01
   12.3072  1.3588092E-01
   12.4072  1.3970304E-01
   12.5072  1.4363850E-01
   12.6072  1.4768330E-01
   12.7072  1.5183174E-01
   12.8072  1.5607639E-01
   12.9072  1.6040823E-01
   13.0072  1.6481694E-01
   13.1072  1.6929124E-01
   13.2072  1.7381946E-01
   13.3072  1.7839010E-01
   13.4072  1.8299237E-01
   13.5072  1.8761671E-01
   13.6072  1.9225526E-01
   13.7072  1.9690209E-01
   13.8072  2.0155343E-01
   13.9072  2.0620760E-01
   14.0072  2.1086491E-01
   14.1072  2.1552734E-01
   14.2072  2.2019815E-01
   14.3072  2.2488148E-01
   14.4072  2.2958183E-01
   14.5072  2.3430363E-01
   14.6072  2.3905083E-01
   14.7072  2.4382660E-01
   14.8072  2.4863314E-01
   14.9072  2.5347154E-01
   15.0072  2.5834183E-01
   15.1072  2.6324306E-01
   15.2072  2.6817350E-01
   15.3072  2.7313078E-01
   15.4072  2.7811218E-01
   15.5072  2.8311479E-01
   15.6072  2.8813573E-01
   15.7072  2.9317226E-01
   15.8072  2.9822189E-01
   15.9072  3.0328240E-01
   16.0072  3.0835187E-01
   16.1072  3.1342862E-01
   16.2072  3.1851117E-01
   16.3072  3.2359817E-01
   16.4072  3.2868831E-01
   16.5072  3.3378026E-01
   16.6072  3.3887260E-01
   16.7072  3.4396378E-01
   16.8072  3.4905210E-01
   16.9072  3.5413565E-01
   17.0072  3.5921236E-01
   17.1072  3.6427996E-01
   17.2072  3.6933607E-01
   17.3072  3.7437817E-01
   17.4072  3.7940366E-01
   17.5072  3.8440990E-01
   17.6072  3.8939421E-01
   17.7072  3.9435396E-01
   17.8072  3.9928650E-01
   17.9072  4.0418924E-01
   18.0072  4.0905961E-01
   18.1072  4.1389509E-01
   18.2072  4.1869314E-01
   18.3072  4.2345123E-01
   18.4072  4.2816682E-01
   18.5072  4.3283732E-01
   18.6072  4.3746006E-01
   18.7072  4.4203234E-01
   18.8072  4.4655138E-01
   18.9072  4.5101431E-01
   19.0072  4.5541821E-01
   19.1072  4.5976010E-01
   19.2072  4.6403698E-01
   19.3072  4.6824581E-01
   19.4072  4.7238355E-01
   19.5072  4.7644722E-01
   19.6072  4.8043385E-01
   19.7072  4.8434058E-01
   19.8072  4.8816459E-01
   19.9072  4.9190322E-01
   20.0072  4.9555388E-01
   20.1072  4.9911413E-01
   20.2072  5.0258165E-01
   20.3072  5.0595426E-01
   20.4072  5.0922988E-01
   20.5072  5.1240658E-01
   20.6072  5.1548254E-01
   20.7072  5.1845603E-01
   20.8072  5.2132543E-01
   20.9072  5.2408920E-01
   21.0072  5.2674589E-01
   21.1072  5.2929408E-01
   21.2072  5.3173246E-01
   21.3072  5.3405972E-01
   21.4072  5.3627462E-01
   21.5072  5.3837597E-01
   21.6072  5.4036258E-01
   21.7072  5.4223333E-01
   21.8072  5.4398712E-01
   21.9072  5.4562288E-01
   22.0072  5.4713959E-01
   22.1072  5.4853627E-01
   22.2072  5.4981197E-01
   22.3072  5.5096582E-01
   22.4072  5.5199699E-01
   22.5072  5.5290473E-01
   22.6072  5.5368836E-01
   22.7072  5.5434731E-01
   22.8072  5.5488108E-01
   22.9072  5.5528930E-01
   23.0072  5.5557172E-01
   23.1072  5.5572824E-01
   23.2072  5.5575890E-01
   23.3072  5.5566391E-01
   23.4072  5.5544367E-01
   23.5072  5.5509875E-01
   23.6072  5.5462997E-01
   23.7072  5.5403834E-01
   23.8072  5.5332512E-01
   23.9072  5.5249181E-01
   24.0072  5.5154019E-01
   24.1072  5.5047228E-01
   24.2072  5.4929040E-01
   24.3072  5.4799713E-01
   24.4072  5.4659535E-01
   24.5072  5.4508822E-01
   24.6072  5.4347917E-01
   24.7072  5.4177191E-01
   24.8072  5.3997044E-01
   24.9072  5.3807898E-01
   25.0072  5.3610203E-01
   25.1072  5.3404431E-01
   25.2072  5.3191073E-01
   25.3072  5.2970642E-01
   25.4072  5.2743666E-01
   25.5072  5.2510689E-01
   25.6072  5.2272265E-01
   25.7072  5.2028959E-01
   25.8072  5.1781342E-01
   25.9072  5.1529989E-01
   26.0072  5.1275477E-01
   26.1072  5.1018380E-01
   26.2072  5.0759269E-01
   26.3072  5.0498709E-01
   26.4072  5.0237255E-01
   26.5072  4.9975450E-01
   26.6072  4.9713826E-01
   26.7072  4.9452896E-01
   26.8072  4.9193160E-01
   26.9072  4.8935094E-01
   27.0072  4.8679159E-01
   27.1072  4.8425791E-01
   27.2072  4.8175404E-01
   27.3072  4.7928388E-01
   27.4072  4.7685111E-01
   27.5072  4.7445913E-01
   27.6072  4.7211112E-01
   27.7072  4.6980999E-01
   27.8072  4.6755840E-01
   27.9072  4.6535876E-01
   28.0072  4.6321322E-01
   28.1072  4.6112372E-01
   28.2072  4.5909191E-01
   28.3072  4.5711925E-01
   28.4072  4.5520693E-01
   28.5072  4.5335596E-01
   28.6072  4.5156711E-01
   28.7072  4.4984095E-01
   28.8072  4.4817786E-01
   28.9072  4.4657803E-01
   29.0072  4.4504147E-01
   29.1072  4.4356802E-01
   29.2072  4.4215737E-01
   29.3072  4.4080906E-01
   29.4072  4.3952247E-01
   29.5072  4.3829688E-01
   29.6072  4.3713142E-01
   29.7072  4.3602514E-01
   29.8072  4.3497695E-01
   29.9072  4.3398569E-01
   30.0072  4.3305010E-01
   30.1072  4.3216886E-01
   30.2072  4.3134056E-01
   30.3072  4.3056372E-01
   30.4072  4.2983683E-01
   30.5072  4.2915832E-01
   30.6072  4.2852655E-01
   30.7072  4.2793988E-01
   30.8072  4.2739662E-01
   30.9072  4.2689505E-01
   31.0072  4.2643343E-01
   31.1072  4.2601002E-01
   31.2072  4.2562304E-01
   31.3072  4.2527073E-01
   31.4072  4.2495129E-01
   31.5072  4.2466296E-01
   31.6072  4.2440394E-01
   31.7072  4.2417246E-01
   31.8072  4.2396676E-01
   31.9072  4.2378507E-01
   32.0072  4.2362565E-01
   32.1072  4.2348674E-01
   32.2072  4.2336664E-01
   32.3072  4.2326364E-01
   32.4072  4.2317603E-01
   32.5072  4.2310216E-01
   32.6072  4.2304035E-01
   32.7072  4.2298896E-01
   32.8072  4.2294639E-01
   32.9072  4.2291101E-01
   33.0072  4.2288125E-01
   33.1072  4.2285555E-01
   33.2072  4.2283234E-01
   33.3072  4.2281011E-01
   33.4072  4.2278735E-01
   33.5072  4.2276255E-01
   33.6072  4.2273424E-01
   33.7072  4.2270098E-01
   33.8072  4.2266132E-01
   33.9072  4.2261384E-01
   34.0072  4.2255713E-01
   34.1072  4.2248983E-01
   34.2072  4.2241057E-01
   34.3072  4.2231801E-01
   34.4072  4.2221083E-01
   34.5072  4.2208774E-01
   34.6072  4.2194747E-01
   34.7072  4.2178876E-01
   34.8072  4.2161041E-01
   34.9072  4.2141122E-01
   35.0072  4.2119004E-01
   35.1072  4.2094575E-01
   35.2072  4.2067725E-01
   35.3072  4.2038350E-01
   35.4072  4.2006349E-01
   35.5072  4.1971626E-01
   35.6072  4.1934089E-01
   35.7072  4.1893651E-01
   35.8072  4.1850230E-01
   35.9072  4.1803751E-01
   36.0072  4.1754143E-01
   36.1072  4.1701341E-01
   36.2072  4.1645287E-01
   36.3072  4.1585930E-01
   36.4072  4.1523225E-01
   36.5072  4.1457133E-01
   36.6072  4.1387623E-01
   36.7072  4.1314672E-01
   36.8072  4.1238262E-01
   36.9072  4.1158385E-01
   37.0072  4.1075039E-01
   37.1072  4.0988229E-01
   37.2072  4.0897968E-01
   37.3072  4.0804277E-01
   37.4072  4.0707183E-01
   37.5072  4.0606722E-01
   37.6072  4.0502935E-01
   37.7072  4.0395871E-01
   37.8072  4.0285586E-01
   37.9072  4.0172142E-01
   38.0072  4.0055606E-01
   38.1072  3.9936053E-01
   38.2072  3.9813562E-01
   38.3072  3.9688218E-01
   38.4072  3.9560110E-01
   38.5072  3.9429333E-01
   38.6072  3.9295985E-01
   38.7072  3.9160168E-01
   38.8072  3.9021988E-01
   38.9072  3.8881554E-01
   39.0072  3.8738976E-01
   39.1072  3.8594370E-01
   39.2072  3.8447849E-01
   39.3072  3.8299532E-01
   39.4072  3.8149537E-01
   39.5072  3.7997983E-01
   39.6072  3.7844990E-01
   39.7072  3.7690678E-01
   39.8072  3.7535168E-01
   39.9072  3.7378578E-01
   40.0072  3.7221027E-01
   40.1072  3.7062635E-01
   40.2072  3.6903518E-01
   40.3072  3.6743792E-01
   40.4072  3.6583572E-01
   40.5072  3.6422970E-01
   40.6072  3.6262098E-01
   40.7072  3.6101064E-01
   40.8072  3.5939976E-01
   40.9072  3.5778939E-01
   41.0072  3.5618055E-01
   41.1072  3.5457425E-01
   41.2072  3.5297147E-01
   41.3072  3.5137316E-01
   41.4072  3.4978026E-01
   41.5072  3.4819367E-01
   41.6072  3.4661428E-01
   41.7072  3.4504294E-01
   41.8072  3.4348047E-01
   41.9072  3.4192768E-01
   42.0072  3.4038535E-01
   42.1072  3.3885423E-01
   42.2072  3.3733504E-01
   42.3072  3.3582849E-01
   42.4072  3.3433523E-01
   42.5072  3.3285592E-01
   42.6072  3.3139117E-01
   42.7072  3.2994157E-01
   42.8072  3.2850769E-01
   42.9072  3.2709007E-01
   43.0072  3.2568921E-01
   43.1072  3.2430560E-01
   43.2072  3.2293969E-01
   43.3072  3.2159191E-01
   43.4072  3.2026267E-01
   43.5072  3.1895233E-01
   43.6072  3.1766125E-01
   43.7072  3.1638974E-01
   43.8072  3.1513810E-01
   43.9072  3.1390659E-01
   44.0072  3.1269545E-01
   44.1072  3.1150489E-01
   44.2072  3.1033509E-01
   44.3072  3.0918621E-01
   44.4072  3.0805838E-01
   44.5072  3.0695171E-01
   44.6072  3.0586627E-01
   44.7072  3.0480211E-01
   44.8072  3.0375927E-01
   44.9072  3.0273774E-01
   45.0072  3.0173751E-01
   45.1072  3.0075853E-01
   45.2072  2.9980072E-01
   45.3072  2.9886401E-01
   45.4072  2.9794827E-01
   45.5072  2.9705337E-01
   45.6072  2.9617915E-01
   45.7072  2.9532545E-01
   45.8072  2.9449207E-01
   45.9072  2.9367880E-01
   46.0072  2.9288540E-01
   46.1072  2.9211163E-01
   46.2072  2.9135724E-01
   46.3072  2.9062195E-01
   46.4072  2.8990547E-01
   46.5072  2.8920749E-01
   46.6072  2.8852771E-01
   46.7072  2.8786579E-01
   46.8072  2.8722142E-01
   46.9072  2.8659424E-01
   47.0072  2.8598390E-01
   47.1072  2.8539005E-01
   47.2072  2.8481231E-01
   47.3072  2.8425033E-01
   47.4072  2.8370373E-01
   47.5072  2.8317213E-01
   47.6072  2.8265515E-01
   47.7072  2.8215241E-01
   47.8072  2.8166352E-01
   47.9072  2.8118811E-01
   48.0072  2.8072578E-01
   48.1072  2.8027617E-01
   48.2072  2.7983888E-01
   48.3072  2.7941355E-01
   48.4072  2.7899979E-01
   48.5072  2.7859724E-01
   48.6072  2.7820553E-01
   48.7072  2.7782430E-01
   48.8072  2.7745320E-01
   48.9072  2.7709187E-01
   49.0072  2.7673997E-01
   49.1072  2.7639716E-01
   49.2072  2.7606311E-01
   49.3072  2.7573750E-01
   49.4072  2.7542002E-01
   49.5072  2.7511035E-01
   49.6072  2.7480821E-01
   49.7072  2.7451328E-01
   49.8072  2.7422530E-01
   49.9072  2.7394399E-01
